Mass(Gev)   Energy       Nbound      Beta       Phi(cm^3 s^-1 GeV^-2)   +dPhi             -dPhi            cs(cm^3 s^-1)        +dcs             -dcs
5.0000     0.0000      233.8012     0.9502      1.3563e-34            5.21865e-35        4.89415e-35        inf        inf        inf
6.0000     0.0000      233.8012     0.9500      1.3563e-34            5.21865e-35        4.89415e-35        inf        inf        inf
8.0000     0.0000      233.8012     0.9500      1.3563e-34            5.21865e-35        4.89415e-35        inf        inf        inf
10.0000     0.0000      233.8012     0.9500      1.3563e-34            5.21865e-35        4.89415e-35        inf        inf        inf
15.0000     0.0000      233.8012     0.9500      1.3563e-34            5.21865e-35        4.89415e-35        inf        inf        inf
20.0000     0.0000      233.8012     0.9500      1.3563e-34            5.21865e-35        4.89415e-35        inf        inf        inf
25.0000     0.0000      233.8012     0.9500      1.3563e-34            5.21865e-35        4.89415e-35        inf        inf        inf
30.0000     0.0000      233.8012     0.9500      1.3563e-34            5.21865e-35        4.89415e-35        inf        inf        inf
40.0000     0.0000      233.8012     0.9500      1.3563e-34            5.21865e-35        4.89415e-35        inf        inf        inf
50.0000     0.0000      233.8012     0.9500      1.3563e-34            5.21865e-35        4.89415e-35        inf        inf        inf
60.0000     0.0000      233.8012     0.9500      1.3563e-34            5.21865e-35        4.89415e-35        inf        inf        inf
70.0000     0.0000      233.8012     0.9500      1.3563e-34            5.21865e-35        4.89415e-35        inf        inf        inf
80.0000     0.0000      233.8012     0.9500      1.3563e-34            5.21865e-35        4.89415e-35        inf        inf        inf
90.0000     8.8396      233.8012     0.9500      1.3563e-34            5.21865e-35        4.89415e-35        3.12357e-30        1.20186e-30        1.12712e-30
100.0000     9.4701      233.8012     0.9500      1.3563e-34            5.21865e-35        4.89415e-35        3.5995e-30        1.38498e-30        1.29886e-30
110.0000     9.3348      233.8012     0.9500      1.3563e-34            5.21865e-35        4.89415e-35        4.4185e-30        1.70011e-30        1.59439e-30
120.0000     10.0042      233.8012     0.9500      1.3563e-34            5.21865e-35        4.89415e-35        4.90655e-30        1.88789e-30        1.7705e-30
130.0000     10.7572      233.8012     0.9500      1.3563e-34            5.21865e-35        4.89415e-35        5.3553e-30        2.06056e-30        1.93243e-30
140.0000     10.7197      233.8012     0.9500      1.3563e-34            5.21865e-35        4.89415e-35        6.23263e-30        2.39813e-30        2.24901e-30
150.0000     11.5108      233.8012     0.9500      1.3563e-34            5.21865e-35        4.89415e-35        6.66308e-30        2.56375e-30        2.40434e-30
160.0000     12.3170      233.8012     0.9500      1.3563e-34            5.21865e-35        4.89415e-35        7.0849e-30        2.72606e-30        2.55655e-30
180.0000     13.1456      233.8012     0.9500      1.3563e-34            5.21865e-35        4.89415e-35        8.40162e-30        3.23269e-30        3.03168e-30
200.0000     13.9950      233.8012     0.9500      1.3563e-34            5.21865e-35        4.89415e-35        9.74284e-30        3.74875e-30        3.51565e-30
220.0000     14.0115      233.8012     0.9500      1.3563e-34            5.21865e-35        4.89415e-35        1.17749e-29        4.53064e-30        4.24892e-30
240.0000     14.8911      233.8012     0.9500      1.3563e-34            5.21865e-35        4.89415e-35        1.31854e-29        5.07334e-30        4.75787e-30
260.0000     15.7816      233.8012     0.9500      1.3563e-34            5.21865e-35        4.89415e-35        1.46013e-29        5.61814e-30        5.2688e-30
280.0000     15.8215      233.8012     0.9500      1.3563e-34            5.21865e-35        4.89415e-35        1.68914e-29        6.49932e-30        6.09518e-30
300.0000     16.7090      233.8012     0.9500      1.3563e-34            5.21865e-35        4.89415e-35        1.83607e-29        7.06463e-30        6.62534e-30
330.0000     17.6237      233.8012     0.9500      1.3563e-34            5.21865e-35        4.89415e-35        2.10633e-29        8.10453e-30        7.60058e-30
360.0000     18.5512      233.8012     0.9500      1.3563e-34            5.21865e-35        4.89415e-35        2.38139e-29        9.16286e-30        8.59311e-30
400.0000     19.4858      233.8012     0.9500      1.3563e-34            5.21865e-35        4.89415e-35        2.79897e-29        1.07696e-29        1.00999e-29
450.0000     20.4425      233.8012     0.9500      1.3563e-34            5.21865e-35        4.89415e-35        3.37666e-29        1.29924e-29        1.21845e-29
500.0000     20.5761      233.8012     0.9500      1.3563e-34            5.21865e-35        4.89415e-35        4.14165e-29        1.59358e-29        1.49449e-29
550.0000     21.5170      233.8012     0.9500      1.3563e-34            5.21865e-35        4.89415e-35        4.79227e-29        1.84392e-29        1.72926e-29
600.0000     22.4604      233.8012     0.9500      1.3563e-34            5.21865e-35        4.89415e-35        5.46365e-29        2.10225e-29        1.97153e-29
650.0000     23.3802      233.8012     0.9500      1.3563e-34            5.21865e-35        4.89415e-35        6.15993e-29        2.37015e-29        2.22278e-29
700.0000     23.5078      233.8012     0.9500      1.3563e-34            5.21865e-35        4.89415e-35        7.10528e-29        2.7339e-29        2.5639e-29
750.0000     24.4070      233.8012     0.9500      1.3563e-34            5.21865e-35        4.89415e-35        7.85607e-29        3.02278e-29        2.83482e-29
800.0000     25.2955      233.8012     0.9500      1.3563e-34            5.21865e-35        4.89415e-35        8.6245e-29        3.31845e-29        3.1121e-29
900.0000     26.2823      233.8012     0.9500      1.3563e-34            5.21865e-35        4.89415e-35        1.05055e-28        4.04222e-29        3.79087e-29
1000.0000     27.3654      233.8012     0.9500      1.3563e-34            5.21865e-35        4.89415e-35        1.24565e-28        4.79288e-29        4.49485e-29
1100.0000     27.4921      233.8012     0.9500      1.3563e-34            5.21865e-35        4.89415e-35        1.50029e-28        5.77265e-29        5.4137e-29
1200.0000     28.4265      233.8012     0.9500      1.3563e-34            5.21865e-35        4.89415e-35        1.72678e-28        6.64412e-29        6.23098e-29
1300.0000     29.3164      233.8012     0.9500      1.3563e-34            5.21865e-35        4.89415e-35        1.96505e-28        7.56092e-29        7.09078e-29
1500.0000     30.4211      233.8012     0.9500      1.3563e-34            5.21865e-35        4.89415e-35        2.52118e-28        9.70075e-29        9.09755e-29
1700.0000     31.4835      233.8012     0.9500      1.3563e-34            5.21865e-35        4.89415e-35        3.12905e-28        1.20396e-28        1.1291e-28
2000.0000     33.2830      233.8012     0.9500      1.3563e-34            5.21865e-35        4.89415e-35        4.0967e-28        1.57629e-28        1.47827e-28
2500.0000     34.8429      233.8012     0.9500      1.3563e-34            5.21865e-35        4.89415e-35        6.11452e-28        2.35268e-28        2.20639e-28
3000.0000     36.8018      233.8012     0.9500      1.3563e-34            5.21865e-35        4.89415e-35        8.33625e-28        3.20754e-28        3.00809e-28
4000.0000     39.8633      233.8012     0.9500      1.3563e-34            5.21865e-35        4.89415e-35        1.36818e-27        5.26435e-28        4.93701e-28
5000.0000     41.8392      233.8012     0.9500      1.3563e-34            5.21865e-35        4.89415e-35        2.03682e-27        7.83709e-28        7.34977e-28
6000.0000     44.0349      233.8012     0.9500      1.3563e-34            5.21865e-35        4.89415e-35        2.78678e-27        1.07227e-27        1.00559e-27
7000.0000     45.7211      233.8012     0.9500      1.3563e-34            5.21865e-35        4.89415e-35        3.65322e-27        1.40565e-27        1.31825e-27
8000.0000     47.5942      233.8012     0.9500      1.3563e-34            5.21865e-35        4.89415e-35        4.58377e-27        1.7637e-27        1.65403e-27
9000.0000     49.0764      233.8012     0.9500      1.3563e-34            5.21865e-35        4.89415e-35        5.62612e-27        2.16476e-27        2.03016e-27
10000.0000     51.3770      233.8012     0.9500      1.3563e-34            5.21865e-35        4.89415e-35        6.63481e-27        2.55288e-27        2.39414e-27
12000.0000     52.8506      233.8012     0.9500      1.3563e-34            5.21865e-35        4.89415e-35        9.28773e-27        3.57364e-27        3.35143e-27
15000.0000     56.1681      233.8012     0.9500      1.3563e-34            5.21865e-35        4.89415e-35        1.36549e-26        5.25401e-27        4.92731e-27
20000.0000     60.9377      233.8012     0.9500      1.3563e-34            5.21865e-35        4.89415e-35        2.23754e-26        8.60939e-27        8.07405e-27
30000.0000     68.3794      233.8012     0.9500      1.3563e-34            5.21865e-35        4.89415e-35        4.48657e-26        1.7263e-26        1.61895e-26
50000.0000     79.6737      233.8012     0.9500      1.3563e-34            5.21865e-35        4.89415e-35        1.0696e-25        4.11551e-26        3.8596e-26
100000.0000     99.0802      233.8012     0.9500      1.3563e-34            5.21865e-35        4.89415e-35        3.44041e-25        1.32377e-25        1.24145e-25
