Mass(Gev)   Energy       Nbound      Beta       Phi(cm^3 s^-1 GeV^-2)   +dPhi             -dPhi            cs(cm^3 s^-1)        +dcs             -dcs
5.0000     0.0000      373.9012     0.9502      2.16556e-34            2.57317e-34        1.24974e-34        inf        nan        nan
6.0000     0.1805      373.9012     0.9500      2.16556e-34            2.57317e-34        1.24974e-34        1.0855e-30        1.28982e-30        6.2644e-31
8.0000     0.5094      373.9012     0.9500      2.16556e-34            2.57317e-34        1.24974e-34        6.83809e-31        8.12516e-31        3.94624e-31
10.0000     0.8731      373.9012     0.9500      2.16556e-34            2.57317e-34        1.24974e-34        6.23347e-31        7.40674e-31        3.59732e-31
15.0000     1.6321      373.9012     0.9500      2.16556e-34            2.57317e-34        1.24974e-34        7.50309e-31        8.91533e-31        4.33001e-31
20.0000     2.7783      373.9012     0.9500      2.16556e-34            2.57317e-34        1.24974e-34        7.83598e-31        9.31087e-31        4.52212e-31
25.0000     3.1984      373.9012     0.9500      2.16556e-34            2.57317e-34        1.24974e-34        1.06354e-30        1.26372e-30        6.13765e-31
30.0000     4.2809      373.9012     0.9500      2.16556e-34            2.57317e-34        1.24974e-34        1.14424e-30        1.35961e-30        6.60336e-31
40.0000     6.2548      373.9012     0.9500      2.16556e-34            2.57317e-34        1.24974e-34        1.39225e-30        1.6543e-30        8.03464e-31
50.0000     6.9588      373.9012     0.9500      2.16556e-34            2.57317e-34        1.24974e-34        1.9553e-30        2.32333e-30        1.1284e-30
60.0000     8.6092      373.9012     0.9500      2.16556e-34            2.57317e-34        1.24974e-34        2.27588e-30        2.70425e-30        1.3134e-30
70.0000     9.4855      373.9012     0.9500      2.16556e-34            2.57317e-34        1.24974e-34        2.81156e-30        3.34075e-30        1.62254e-30
80.0000     11.4537      373.9012     0.9500      2.16556e-34            2.57317e-34        1.24974e-34        3.0412e-30        3.61361e-30        1.75507e-30
90.0000     12.5081      373.9012     0.9500      2.16556e-34            2.57317e-34        1.24974e-34        3.52456e-30        4.18795e-30        2.03401e-30
100.0000     13.6125      373.9012     0.9500      2.16556e-34            2.57317e-34        1.24974e-34        3.99827e-30        4.75083e-30        2.30739e-30
110.0000     13.5965      373.9012     0.9500      2.16556e-34            2.57317e-34        1.24974e-34        4.8436e-30        5.75526e-30        2.79523e-30
120.0000     14.7423      373.9012     0.9500      2.16556e-34            2.57317e-34        1.24974e-34        5.31629e-30        6.31693e-30        3.06802e-30
130.0000     15.9288      373.9012     0.9500      2.16556e-34            2.57317e-34        1.24974e-34        5.7745e-30        6.86138e-30        3.33244e-30
140.0000     15.9343      373.9012     0.9500      2.16556e-34            2.57317e-34        1.24974e-34        6.69475e-30        7.95483e-30        3.86352e-30
150.0000     17.1584      373.9012     0.9500      2.16556e-34            2.57317e-34        1.24974e-34        7.13703e-30        8.48036e-30        4.11876e-30
160.0000     18.4057      373.9012     0.9500      2.16556e-34            2.57317e-34        1.24974e-34        7.57004e-30        8.99488e-30        4.36865e-30
180.0000     19.7107      373.9012     0.9500      2.16556e-34            2.57317e-34        1.24974e-34        8.94651e-30        1.06304e-29        5.163e-30
200.0000     21.0547      373.9012     0.9500      2.16556e-34            2.57317e-34        1.24974e-34        1.034e-29        1.22862e-29        5.9672e-30
220.0000     21.1230      373.9012     0.9500      2.16556e-34            2.57317e-34        1.24974e-34        1.2471e-29        1.48183e-29        7.19696e-30
240.0000     22.5129      373.9012     0.9500      2.16556e-34            2.57317e-34        1.24974e-34        1.39252e-29        1.65462e-29        8.03621e-30
260.0000     23.9246      373.9012     0.9500      2.16556e-34            2.57317e-34        1.24974e-34        1.53785e-29        1.8273e-29        8.87488e-30
280.0000     24.0050      373.9012     0.9500      2.16556e-34            2.57317e-34        1.24974e-34        1.77756e-29        2.11213e-29        1.02583e-29
300.0000     25.4572      373.9012     0.9500      2.16556e-34            2.57317e-34        1.24974e-34        1.92417e-29        2.28633e-29        1.11043e-29
330.0000     26.9901      373.9012     0.9500      2.16556e-34            2.57317e-34        1.24974e-34        2.19601e-29        2.60935e-29        1.26731e-29
360.0000     28.5501      373.9012     0.9500      2.16556e-34            2.57317e-34        1.24974e-34        2.47063e-29        2.93565e-29        1.42579e-29
400.0000     30.1833      373.9012     0.9500      2.16556e-34            2.57317e-34        1.24974e-34        2.88512e-29        3.42816e-29        1.665e-29
450.0000     31.9128      373.9012     0.9500      2.16556e-34            2.57317e-34        1.24974e-34        3.45359e-29        4.10363e-29        1.99306e-29
500.0000     32.1383      373.9012     0.9500      2.16556e-34            2.57317e-34        1.24974e-34        4.23378e-29        5.03066e-29        2.4433e-29
550.0000     33.8902      373.9012     0.9500      2.16556e-34            2.57317e-34        1.24974e-34        4.85805e-29        5.77244e-29        2.80357e-29
600.0000     35.6831      373.9012     0.9500      2.16556e-34            2.57317e-34        1.24974e-34        5.491e-29        6.52452e-29        3.16884e-29
650.0000     37.4968      373.9012     0.9500      2.16556e-34            2.57317e-34        1.24974e-34        6.13258e-29        7.28686e-29        3.5391e-29
700.0000     37.7280      373.9012     0.9500      2.16556e-34            2.57317e-34        1.24974e-34        7.06875e-29        8.39924e-29        4.07936e-29
750.0000     39.5657      373.9012     0.9500      2.16556e-34            2.57317e-34        1.24974e-34        7.73776e-29        9.19416e-29        4.46544e-29
800.0000     41.4192      373.9012     0.9500      2.16556e-34            2.57317e-34        1.24974e-34        8.40986e-29        9.99277e-29        4.85331e-29
900.0000     43.5217      373.9012     0.9500      2.16556e-34            2.57317e-34        1.24974e-34        1.01295e-28        1.20361e-28        5.84573e-29
1000.0000     45.7911      373.9012     0.9500      2.16556e-34            2.57317e-34        1.24974e-34        1.18858e-28        1.4123e-28        6.85928e-29
1100.0000     46.0816      373.9012     0.9500      2.16556e-34            2.57317e-34        1.24974e-34        1.42912e-28        1.69811e-28        8.24742e-29
1200.0000     48.1878      373.9012     0.9500      2.16556e-34            2.57317e-34        1.24974e-34        1.62643e-28        1.93256e-28        9.3861e-29
1300.0000     50.3223      373.9012     0.9500      2.16556e-34            2.57317e-34        1.24974e-34        1.82784e-28        2.17187e-28        1.05484e-28
1500.0000     52.8476      373.9012     0.9500      2.16556e-34            2.57317e-34        1.24974e-34        2.31723e-28        2.75337e-28        1.33726e-28
1700.0000     55.3598      373.9012     0.9500      2.16556e-34            2.57317e-34        1.24974e-34        2.84128e-28        3.37607e-28        1.63969e-28
2000.0000     59.9732      373.9012     0.9500      2.16556e-34            2.57317e-34        1.24974e-34        3.63006e-28        4.31331e-28        2.0949e-28
2500.0000     63.4336      373.9012     0.9500      2.16556e-34            2.57317e-34        1.24974e-34        5.36256e-28        6.3719e-28        3.09471e-28
3000.0000     68.5687      373.9012     0.9500      2.16556e-34            2.57317e-34        1.24974e-34        7.14378e-28        8.48838e-28        4.12265e-28
4000.0000     76.7353      373.9012     0.9500      2.16556e-34            2.57317e-34        1.24974e-34        1.13484e-27        1.34844e-27        6.54915e-28
5000.0000     81.0794      373.9012     0.9500      2.16556e-34            2.57317e-34        1.24974e-34        1.67819e-27        1.99406e-27        9.68477e-28
6000.0000     86.9489      373.9012     0.9500      2.16556e-34            2.57317e-34        1.24974e-34        2.25346e-27        2.6776e-27        1.30046e-27
7000.0000     90.8396      373.9012     0.9500      2.16556e-34            2.57317e-34        1.24974e-34        2.93584e-27        3.48842e-27        1.69426e-27
8000.0000     96.2870      373.9012     0.9500      2.16556e-34            2.57317e-34        1.24974e-34        3.61762e-27        4.29853e-27        2.08772e-27
9000.0000     99.8859      373.9012     0.9500      2.16556e-34            2.57317e-34        1.24974e-34        4.41359e-27        5.24431e-27        2.54707e-27
10000.0000     104.7241      373.9012     0.9500      2.16556e-34            2.57317e-34        1.24974e-34        5.19714e-27        6.17535e-27        2.99925e-27
12000.0000     108.3591      373.9012     0.9500      2.16556e-34            2.57317e-34        1.24974e-34        7.23283e-27        8.59419e-27        4.17404e-27
15000.0000     116.1146      373.9012     0.9500      2.16556e-34            2.57317e-34        1.24974e-34        1.05465e-26        1.25315e-26        6.08633e-27
20000.0000     127.3490      373.9012     0.9500      2.16556e-34            2.57317e-34        1.24974e-34        1.70953e-26        2.03129e-26        9.86562e-27
30000.0000     142.4974      373.9012     0.9500      2.16556e-34            2.57317e-34        1.24974e-34        3.43753e-26        4.08454e-26        1.98379e-26
50000.0000     163.9986      373.9012     0.9500      2.16556e-34            2.57317e-34        1.24974e-34        8.29681e-26        9.85843e-26        4.78806e-26
100000.0000     198.6678      373.9012     0.9500      2.16556e-34            2.57317e-34        1.24974e-34        2.73958e-25        3.25522e-25        1.581e-25
