Mass(Gev)   Energy       Nbound      Beta       Phi(cm^3 s^-1 GeV^-2)   +dPhi             -dPhi            cs(cm^3 s^-1)        +dcs             -dcs
5.0000     0.0000      233.8012     0.9502      1.64564e-23            1.09844e-22        1.55308e-23        inf        nan        nan
6.0000     0.1805      233.8012     0.9500      1.64564e-23            1.09844e-22        1.55308e-23        8.24886e-20        5.50599e-19        7.78492e-20
8.0000     0.5094      233.8012     0.9500      1.64564e-23            1.09844e-22        1.55308e-23        5.19634e-20        3.46848e-19        4.90408e-20
10.0000     0.8731      233.8012     0.9500      1.64564e-23            1.09844e-22        1.55308e-23        4.73689e-20        3.1618e-19        4.47047e-20
15.0000     1.6321      233.8012     0.9500      1.64564e-23            1.09844e-22        1.55308e-23        5.70169e-20        3.80579e-19        5.381e-20
20.0000     2.7783      233.8012     0.9500      1.64564e-23            1.09844e-22        1.55308e-23        5.95465e-20        3.97464e-19        5.61974e-20
25.0000     3.1984      233.8012     0.9500      1.64564e-23            1.09844e-22        1.55308e-23        8.08195e-20        5.39458e-19        7.62739e-20
30.0000     4.2809      233.8012     0.9500      1.64564e-23            1.09844e-22        1.55308e-23        8.69519e-20        5.80391e-19        8.20614e-20
40.0000     6.2548      233.8012     0.9500      1.64564e-23            1.09844e-22        1.55308e-23        1.05799e-19        7.06191e-19        9.98483e-20
50.0000     6.9588      233.8012     0.9500      1.64564e-23            1.09844e-22        1.55308e-23        1.48586e-19        9.91787e-19        1.40229e-19
60.0000     8.6092      233.8012     0.9500      1.64564e-23            1.09844e-22        1.55308e-23        1.72947e-19        1.15439e-18        1.6322e-19
70.0000     9.4855      233.8012     0.9500      1.64564e-23            1.09844e-22        1.55308e-23        2.13653e-19        1.4261e-18        2.01637e-19
80.0000     11.4537      233.8012     0.9500      1.64564e-23            1.09844e-22        1.55308e-23        2.31104e-19        1.54258e-18        2.18106e-19
90.0000     12.5081      233.8012     0.9500      1.64564e-23            1.09844e-22        1.55308e-23        2.67835e-19        1.78776e-18        2.52771e-19
100.0000     13.6125      233.8012     0.9500      1.64564e-23            1.09844e-22        1.55308e-23        3.03834e-19        2.02804e-18        2.86745e-19
110.0000     13.5965      233.8012     0.9500      1.64564e-23            1.09844e-22        1.55308e-23        3.68071e-19        2.45682e-18        3.47369e-19
120.0000     14.7423      233.8012     0.9500      1.64564e-23            1.09844e-22        1.55308e-23        4.03991e-19        2.69658e-18        3.81269e-19
130.0000     15.9288      233.8012     0.9500      1.64564e-23            1.09844e-22        1.55308e-23        4.38811e-19        2.92899e-18        4.1413e-19
140.0000     15.9343      233.8012     0.9500      1.64564e-23            1.09844e-22        1.55308e-23        5.08742e-19        3.39577e-18        4.80128e-19
150.0000     17.1584      233.8012     0.9500      1.64564e-23            1.09844e-22        1.55308e-23        5.42351e-19        3.62011e-18        5.11847e-19
160.0000     18.4057      233.8012     0.9500      1.64564e-23            1.09844e-22        1.55308e-23        5.75256e-19        3.83975e-18        5.42902e-19
180.0000     19.7107      233.8012     0.9500      1.64564e-23            1.09844e-22        1.55308e-23        6.79856e-19        4.53793e-18        6.41618e-19
200.0000     21.0547      233.8012     0.9500      1.64564e-23            1.09844e-22        1.55308e-23        7.85752e-19        5.24477e-18        7.41558e-19
220.0000     21.1230      233.8012     0.9500      1.64564e-23            1.09844e-22        1.55308e-23        9.47684e-19        6.32564e-18        8.94382e-19
240.0000     22.5129      233.8012     0.9500      1.64564e-23            1.09844e-22        1.55308e-23        1.05819e-18        7.06329e-18        9.98678e-19
260.0000     23.9246      233.8012     0.9500      1.64564e-23            1.09844e-22        1.55308e-23        1.16863e-18        7.80043e-18        1.1029e-18
280.0000     24.0050      233.8012     0.9500      1.64564e-23            1.09844e-22        1.55308e-23        1.35079e-18        9.01631e-18        1.27482e-18
300.0000     25.4572      233.8012     0.9500      1.64564e-23            1.09844e-22        1.55308e-23        1.4622e-18        9.75994e-18        1.37996e-18
330.0000     26.9901      233.8012     0.9500      1.64564e-23            1.09844e-22        1.55308e-23        1.66878e-18        1.11388e-17        1.57492e-18
360.0000     28.5501      233.8012     0.9500      1.64564e-23            1.09844e-22        1.55308e-23        1.87746e-18        1.25318e-17        1.77187e-18
400.0000     30.1833      233.8012     0.9500      1.64564e-23            1.09844e-22        1.55308e-23        2.19244e-18        1.46342e-17        2.06913e-18
450.0000     31.9128      233.8012     0.9500      1.64564e-23            1.09844e-22        1.55308e-23        2.62443e-18        1.75176e-17        2.47682e-18
500.0000     32.1383      233.8012     0.9500      1.64564e-23            1.09844e-22        1.55308e-23        3.2173e-18        2.1475e-17        3.03634e-18
550.0000     33.8902      233.8012     0.9500      1.64564e-23            1.09844e-22        1.55308e-23        3.69169e-18        2.46415e-17        3.48406e-18
600.0000     35.6831      233.8012     0.9500      1.64564e-23            1.09844e-22        1.55308e-23        4.17267e-18        2.7852e-17        3.93799e-18
650.0000     37.4968      233.8012     0.9500      1.64564e-23            1.09844e-22        1.55308e-23        4.66022e-18        3.11063e-17        4.39811e-18
700.0000     37.7280      233.8012     0.9500      1.64564e-23            1.09844e-22        1.55308e-23        5.37163e-18        3.58548e-17        5.06951e-18
750.0000     39.5657      233.8012     0.9500      1.64564e-23            1.09844e-22        1.55308e-23        5.88001e-18        3.92482e-17        5.5493e-18
800.0000     41.4192      233.8012     0.9500      1.64564e-23            1.09844e-22        1.55308e-23        6.39075e-18        4.26573e-17        6.03131e-18
900.0000     43.5217      233.8012     0.9500      1.64564e-23            1.09844e-22        1.55308e-23        7.69756e-18        5.138e-17        7.26462e-18
1000.0000     45.7911      233.8012     0.9500      1.64564e-23            1.09844e-22        1.55308e-23        9.03219e-18        6.02885e-17        8.52418e-18
1100.0000     46.0816      233.8012     0.9500      1.64564e-23            1.09844e-22        1.55308e-23        1.08601e-17        7.24892e-17        1.02493e-17
1200.0000     48.1878      233.8012     0.9500      1.64564e-23            1.09844e-22        1.55308e-23        1.23595e-17        8.24975e-17        1.16643e-17
1300.0000     50.3223      233.8012     0.9500      1.64564e-23            1.09844e-22        1.55308e-23        1.38899e-17        9.27132e-17        1.31087e-17
1500.0000     52.8476      233.8012     0.9500      1.64564e-23            1.09844e-22        1.55308e-23        1.76089e-17        1.17537e-16        1.66185e-17
1700.0000     55.3598      233.8012     0.9500      1.64564e-23            1.09844e-22        1.55308e-23        2.15912e-17        1.44118e-16        2.03768e-17
2000.0000     59.9732      233.8012     0.9500      1.64564e-23            1.09844e-22        1.55308e-23        2.75853e-17        1.84127e-16        2.60338e-17
2500.0000     63.4336      233.8012     0.9500      1.64564e-23            1.09844e-22        1.55308e-23        4.07507e-17        2.72005e-16        3.84587e-17
3000.0000     68.5687      233.8012     0.9500      1.64564e-23            1.09844e-22        1.55308e-23        5.42864e-17        3.62353e-16        5.12331e-17
4000.0000     76.7353      233.8012     0.9500      1.64564e-23            1.09844e-22        1.55308e-23        8.62381e-17        5.75626e-16        8.13877e-17
5000.0000     81.0794      233.8012     0.9500      1.64564e-23            1.09844e-22        1.55308e-23        1.27527e-16        8.51226e-16        1.20355e-16
6000.0000     86.9489      233.8012     0.9500      1.64564e-23            1.09844e-22        1.55308e-23        1.71243e-16        1.14302e-15        1.61612e-16
7000.0000     90.8396      233.8012     0.9500      1.64564e-23            1.09844e-22        1.55308e-23        2.23098e-16        1.48914e-15        2.1055e-16
8000.0000     96.2870      233.8012     0.9500      1.64564e-23            1.09844e-22        1.55308e-23        2.74907e-16        1.83496e-15        2.59446e-16
9000.0000     99.8859      233.8012     0.9500      1.64564e-23            1.09844e-22        1.55308e-23        3.35394e-16        2.2387e-15        3.1653e-16
10000.0000     104.7241      233.8012     0.9500      1.64564e-23            1.09844e-22        1.55308e-23        3.94937e-16        2.63614e-15        3.72724e-16
12000.0000     108.3591      233.8012     0.9500      1.64564e-23            1.09844e-22        1.55308e-23        5.49631e-16        3.6687e-15        5.18718e-16
15000.0000     116.1146      233.8012     0.9500      1.64564e-23            1.09844e-22        1.55308e-23        8.01438e-16        5.34947e-15        7.56362e-16
20000.0000     127.3490      233.8012     0.9500      1.64564e-23            1.09844e-22        1.55308e-23        1.29909e-15        8.67121e-15        1.22602e-15
30000.0000     142.4974      233.8012     0.9500      1.64564e-23            1.09844e-22        1.55308e-23        2.61222e-15        1.74362e-14        2.4653e-15
50000.0000     163.9986      233.8012     0.9500      1.64564e-23            1.09844e-22        1.55308e-23        6.30484e-15        4.20838e-14        5.95023e-15
100000.0000     198.6678      233.8012     0.9500      1.64564e-23            1.09844e-22        1.55308e-23        2.08184e-14        1.38959e-13        1.96475e-14
