Mass(Gev)   Energy       Nbound      Beta       Phi(cm^3 s^-1 GeV^-2)   +dPhi             -dPhi            cs(cm^3 s^-1)        +dcs             -dcs
5.0000     0.0000      233.8012     0.9502      1.3563e-34            5.21865e-35        4.89415e-35        inf        inf        inf
6.0000     0.1805      233.8012     0.9500      1.3563e-34            5.21865e-35        4.89415e-35        6.79856e-31        2.61588e-31        2.45322e-31
8.0000     0.5094      233.8012     0.9500      1.3563e-34            5.21865e-35        4.89415e-35        4.28273e-31        1.64787e-31        1.5454e-31
10.0000     0.8731      233.8012     0.9500      1.3563e-34            5.21865e-35        4.89415e-35        3.90406e-31        1.50216e-31        1.40876e-31
15.0000     1.6321      233.8012     0.9500      1.3563e-34            5.21865e-35        4.89415e-35        4.69923e-31        1.80812e-31        1.69569e-31
20.0000     2.7783      233.8012     0.9500      1.3563e-34            5.21865e-35        4.89415e-35        4.90772e-31        1.88834e-31        1.77092e-31
25.0000     3.1984      233.8012     0.9500      1.3563e-34            5.21865e-35        4.89415e-35        6.661e-31        2.56295e-31        2.40358e-31
30.0000     4.2809      233.8012     0.9500      1.3563e-34            5.21865e-35        4.89415e-35        7.16642e-31        2.75742e-31        2.58596e-31
40.0000     6.2548      233.8012     0.9500      1.3563e-34            5.21865e-35        4.89415e-35        8.71975e-31        3.3551e-31        3.14647e-31
50.0000     6.9588      233.8012     0.9500      1.3563e-34            5.21865e-35        4.89415e-35        1.22462e-30        4.71196e-31        4.41896e-31
60.0000     8.6092      233.8012     0.9500      1.3563e-34            5.21865e-35        4.89415e-35        1.4254e-30        5.4845e-31        5.14347e-31
70.0000     9.4855      233.8012     0.9500      1.3563e-34            5.21865e-35        4.89415e-35        1.76089e-30        6.77538e-31        6.35408e-31
80.0000     11.4537      233.8012     0.9500      1.3563e-34            5.21865e-35        4.89415e-35        1.90472e-30        7.32878e-31        6.87307e-31
90.0000     12.5081      233.8012     0.9500      1.3563e-34            5.21865e-35        4.89415e-35        2.20745e-30        8.4936e-31        7.96546e-31
100.0000     13.6125      233.8012     0.9500      1.3563e-34            5.21865e-35        4.89415e-35        2.50414e-30        9.63518e-31        9.03605e-31
110.0000     13.5965      233.8012     0.9500      1.3563e-34            5.21865e-35        4.89415e-35        3.03357e-30        1.16723e-30        1.09465e-30
120.0000     14.7423      233.8012     0.9500      1.3563e-34            5.21865e-35        4.89415e-35        3.32962e-30        1.28114e-30        1.20148e-30
130.0000     15.9288      233.8012     0.9500      1.3563e-34            5.21865e-35        4.89415e-35        3.6166e-30        1.39156e-30        1.30503e-30
140.0000     15.9343      233.8012     0.9500      1.3563e-34            5.21865e-35        4.89415e-35        4.19296e-30        1.61332e-30        1.51301e-30
150.0000     17.1584      233.8012     0.9500      1.3563e-34            5.21865e-35        4.89415e-35        4.46996e-30        1.7199e-30        1.61296e-30
160.0000     18.4057      233.8012     0.9500      1.3563e-34            5.21865e-35        4.89415e-35        4.74116e-30        1.82425e-30        1.71082e-30
180.0000     19.7107      233.8012     0.9500      1.3563e-34            5.21865e-35        4.89415e-35        5.60325e-30        2.15596e-30        2.0219e-30
200.0000     21.0547      233.8012     0.9500      1.3563e-34            5.21865e-35        4.89415e-35        6.47602e-30        2.49178e-30        2.33684e-30
220.0000     21.1230      233.8012     0.9500      1.3563e-34            5.21865e-35        4.89415e-35        7.81063e-30        3.0053e-30        2.81843e-30
240.0000     22.5129      233.8012     0.9500      1.3563e-34            5.21865e-35        4.89415e-35        8.72145e-30        3.35575e-30        3.14709e-30
260.0000     23.9246      233.8012     0.9500      1.3563e-34            5.21865e-35        4.89415e-35        9.63163e-30        3.70596e-30        3.47552e-30
280.0000     24.0050      233.8012     0.9500      1.3563e-34            5.21865e-35        4.89415e-35        1.1133e-29        4.28363e-30        4.01727e-30
300.0000     25.4572      233.8012     0.9500      1.3563e-34            5.21865e-35        4.89415e-35        1.20512e-29        4.63692e-30        4.34859e-30
330.0000     26.9901      233.8012     0.9500      1.3563e-34            5.21865e-35        4.89415e-35        1.37537e-29        5.29202e-30        4.96296e-30
360.0000     28.5501      233.8012     0.9500      1.3563e-34            5.21865e-35        4.89415e-35        1.54737e-29        5.95381e-30        5.5836e-30
400.0000     30.1833      233.8012     0.9500      1.3563e-34            5.21865e-35        4.89415e-35        1.80697e-29        6.95267e-30        6.52034e-30
450.0000     31.9128      233.8012     0.9500      1.3563e-34            5.21865e-35        4.89415e-35        2.163e-29        8.32259e-30        7.80508e-30
500.0000     32.1383      233.8012     0.9500      1.3563e-34            5.21865e-35        4.89415e-35        2.65164e-29        1.02027e-29        9.56829e-30
550.0000     33.8902      233.8012     0.9500      1.3563e-34            5.21865e-35        4.89415e-35        3.04262e-29        1.17071e-29        1.09791e-29
600.0000     35.6831      233.8012     0.9500      1.3563e-34            5.21865e-35        4.89415e-35        3.43904e-29        1.32324e-29        1.24096e-29
650.0000     37.4968      233.8012     0.9500      1.3563e-34            5.21865e-35        4.89415e-35        3.84087e-29        1.47785e-29        1.38596e-29
700.0000     37.7280      233.8012     0.9500      1.3563e-34            5.21865e-35        4.89415e-35        4.4272e-29        1.70345e-29        1.59753e-29
750.0000     39.5657      233.8012     0.9500      1.3563e-34            5.21865e-35        4.89415e-35        4.8462e-29        1.86467e-29        1.74872e-29
800.0000     41.4192      233.8012     0.9500      1.3563e-34            5.21865e-35        4.89415e-35        5.26714e-29        2.02664e-29        1.90062e-29
900.0000     43.5217      233.8012     0.9500      1.3563e-34            5.21865e-35        4.89415e-35        6.34419e-29        2.44105e-29        2.28927e-29
1000.0000     45.7911      233.8012     0.9500      1.3563e-34            5.21865e-35        4.89415e-35        7.44416e-29        2.86429e-29        2.68619e-29
1100.0000     46.0816      233.8012     0.9500      1.3563e-34            5.21865e-35        4.89415e-35        8.95066e-29        3.44395e-29        3.2298e-29
1200.0000     48.1878      233.8012     0.9500      1.3563e-34            5.21865e-35        4.89415e-35        1.01864e-28        3.91943e-29        3.67572e-29
1300.0000     50.3223      233.8012     0.9500      1.3563e-34            5.21865e-35        4.89415e-35        1.14478e-28        4.40478e-29        4.13089e-29
1500.0000     52.8476      233.8012     0.9500      1.3563e-34            5.21865e-35        4.89415e-35        1.45129e-28        5.58413e-29        5.2369e-29
1700.0000     55.3598      233.8012     0.9500      1.3563e-34            5.21865e-35        4.89415e-35        1.77951e-28        6.84701e-29        6.42126e-29
2000.0000     59.9732      233.8012     0.9500      1.3563e-34            5.21865e-35        4.89415e-35        2.27353e-28        8.74785e-29        8.2039e-29
2500.0000     63.4336      233.8012     0.9500      1.3563e-34            5.21865e-35        4.89415e-35        3.3586e-28        1.29229e-28        1.21193e-28
3000.0000     68.5687      233.8012     0.9500      1.3563e-34            5.21865e-35        4.89415e-35        4.47419e-28        1.72153e-28        1.61449e-28
4000.0000     76.7353      233.8012     0.9500      1.3563e-34            5.21865e-35        4.89415e-35        7.10758e-28        2.73478e-28        2.56473e-28
5000.0000     81.0794      233.8012     0.9500      1.3563e-34            5.21865e-35        4.89415e-35        1.05106e-27        4.04415e-28        3.79268e-28
6000.0000     86.9489      233.8012     0.9500      1.3563e-34            5.21865e-35        4.89415e-35        1.41135e-27        5.43046e-28        5.09279e-28
7000.0000     90.8396      233.8012     0.9500      1.3563e-34            5.21865e-35        4.89415e-35        1.83873e-27        7.07488e-28        6.63496e-28
8000.0000     96.2870      233.8012     0.9500      1.3563e-34            5.21865e-35        4.89415e-35        2.26574e-27        8.71787e-28        8.17579e-28
9000.0000     99.8859      233.8012     0.9500      1.3563e-34            5.21865e-35        4.89415e-35        2.76425e-27        1.0636e-27        9.97466e-28
10000.0000     104.7241      233.8012     0.9500      1.3563e-34            5.21865e-35        4.89415e-35        3.255e-27        1.25242e-27        1.17455e-27
12000.0000     108.3591      233.8012     0.9500      1.3563e-34            5.21865e-35        4.89415e-35        4.52996e-27        1.74299e-27        1.63461e-27
15000.0000     116.1146      233.8012     0.9500      1.3563e-34            5.21865e-35        4.89415e-35        6.6053e-27        2.54152e-27        2.38349e-27
20000.0000     127.3490      233.8012     0.9500      1.3563e-34            5.21865e-35        4.89415e-35        1.07068e-26        4.11967e-27        3.86351e-27
30000.0000     142.4974      233.8012     0.9500      1.3563e-34            5.21865e-35        4.89415e-35        2.15294e-26        8.28388e-27        7.76878e-27
50000.0000     163.9986      233.8012     0.9500      1.3563e-34            5.21865e-35        4.89415e-35        5.19633e-26        1.99939e-26        1.87507e-26
100000.0000     198.6678      233.8012     0.9500      1.3563e-34            5.21865e-35        4.89415e-35        1.71581e-25        6.60193e-26        6.19141e-26
