Mass(Gev)   Energy       Nbound      Beta       Phi(cm^3 s^-1 GeV^-2)   +dPhi             -dPhi            cs(cm^3 s^-1)        +dcs             -dcs
5.0000     0.0000      445.9312     0.9500      4.59371e-30            9.19074e-30        3.42363e-30        inf        nan        nan
6.0000     0.0000      445.9312     0.9500      4.59371e-30            9.19074e-30        3.42363e-30        inf        nan        nan
8.0000     0.0000      445.9312     0.9500      4.59371e-30            9.19074e-30        3.42363e-30        inf        nan        nan
10.0000     0.0000      445.9312     0.9500      4.59371e-30            9.19074e-30        3.42363e-30        inf        nan        nan
15.0000     0.0000      445.9312     0.9500      4.59371e-30            9.19074e-30        3.42363e-30        inf        nan        nan
20.0000     0.0000      445.9312     0.9500      4.59371e-30            9.19074e-30        3.42363e-30        inf        nan        nan
25.0000     0.0000      445.9312     0.9500      4.59371e-30            9.19074e-30        3.42363e-30        inf        nan        nan
30.0000     0.0000      445.9312     0.9500      4.59371e-30            9.19074e-30        3.42363e-30        inf        nan        nan
40.0000     0.0000      445.9312     0.9500      4.59371e-30            9.19074e-30        3.42363e-30        inf        nan        nan
50.0000     0.0000      445.9312     0.9500      4.59371e-30            9.19074e-30        3.42363e-30        inf        nan        nan
60.0000     0.0000      445.9312     0.9500      4.59371e-30            9.19074e-30        3.42363e-30        inf        nan        nan
70.0000     0.0000      445.9312     0.9500      4.59371e-30            9.19074e-30        3.42363e-30        inf        nan        nan
80.0000     0.0000      445.9312     0.9500      4.59371e-30            9.19074e-30        3.42363e-30        inf        nan        nan
90.0000     8.8396      445.9312     0.9500      4.59371e-30            9.19074e-30        3.42363e-30        1.05793e-25        2.11663e-25        7.88463e-26
100.0000     9.4701      445.9312     0.9500      4.59371e-30            9.19074e-30        3.42363e-30        1.21913e-25        2.43913e-25        9.08599e-26
110.0000     9.3348      445.9312     0.9500      4.59371e-30            9.19074e-30        3.42363e-30        1.49652e-25        2.99411e-25        1.11533e-25
120.0000     10.0042      445.9312     0.9500      4.59371e-30            9.19074e-30        3.42363e-30        1.66181e-25        3.32483e-25        1.23853e-25
130.0000     10.7572      445.9312     0.9500      4.59371e-30            9.19074e-30        3.42363e-30        1.8138e-25        3.62892e-25        1.3518e-25
140.0000     10.7197      445.9312     0.9500      4.59371e-30            9.19074e-30        3.42363e-30        2.11095e-25        4.22342e-25        1.57326e-25
150.0000     11.5108      445.9312     0.9500      4.59371e-30            9.19074e-30        3.42363e-30        2.25674e-25        4.51511e-25        1.68192e-25
160.0000     12.3170      445.9312     0.9500      4.59371e-30            9.19074e-30        3.42363e-30        2.39961e-25        4.80095e-25        1.7884e-25
180.0000     13.1456      445.9312     0.9500      4.59371e-30            9.19074e-30        3.42363e-30        2.84557e-25        5.6932e-25        2.12077e-25
200.0000     13.9950      445.9312     0.9500      4.59371e-30            9.19074e-30        3.42363e-30        3.29983e-25        6.60205e-25        2.45932e-25
220.0000     14.0115      445.9312     0.9500      4.59371e-30            9.19074e-30        3.42363e-30        3.98809e-25        7.97906e-25        2.97227e-25
240.0000     14.8911      445.9312     0.9500      4.59371e-30            9.19074e-30        3.42363e-30        4.46579e-25        8.93482e-25        3.3283e-25
260.0000     15.7816      445.9312     0.9500      4.59371e-30            9.19074e-30        3.42363e-30        4.94536e-25        9.89429e-25        3.68571e-25
280.0000     15.8215      445.9312     0.9500      4.59371e-30            9.19074e-30        3.42363e-30        5.72101e-25        1.14462e-24        4.26379e-25
300.0000     16.7090      445.9312     0.9500      4.59371e-30            9.19074e-30        3.42363e-30        6.21862e-25        1.24417e-24        4.63466e-25
330.0000     17.6237      445.9312     0.9500      4.59371e-30            9.19074e-30        3.42363e-30        7.134e-25        1.42732e-24        5.31688e-25
360.0000     18.5512      445.9312     0.9500      4.59371e-30            9.19074e-30        3.42363e-30        8.06559e-25        1.6137e-24        6.01118e-25
400.0000     19.4858      445.9312     0.9500      4.59371e-30            9.19074e-30        3.42363e-30        9.4799e-25        1.89667e-24        7.06525e-25
450.0000     20.4425      445.9312     0.9500      4.59371e-30            9.19074e-30        3.42363e-30        1.14365e-24        2.28813e-24        8.52349e-25
500.0000     20.5761      445.9312     0.9500      4.59371e-30            9.19074e-30        3.42363e-30        1.40275e-24        2.80651e-24        1.04545e-24
550.0000     21.5170      445.9312     0.9500      4.59371e-30            9.19074e-30        3.42363e-30        1.62311e-24        3.24739e-24        1.20968e-24
600.0000     22.4604      445.9312     0.9500      4.59371e-30            9.19074e-30        3.42363e-30        1.8505e-24        3.70234e-24        1.37915e-24
650.0000     23.3802      445.9312     0.9500      4.59371e-30            9.19074e-30        3.42363e-30        2.08632e-24        4.17416e-24        1.55491e-24
700.0000     23.5078      445.9312     0.9500      4.59371e-30            9.19074e-30        3.42363e-30        2.40651e-24        4.81476e-24        1.79354e-24
750.0000     24.4070      445.9312     0.9500      4.59371e-30            9.19074e-30        3.42363e-30        2.66079e-24        5.32351e-24        1.98306e-24
800.0000     25.2955      445.9312     0.9500      4.59371e-30            9.19074e-30        3.42363e-30        2.92106e-24        5.84423e-24        2.17703e-24
900.0000     26.2823      445.9312     0.9500      4.59371e-30            9.19074e-30        3.42363e-30        3.55815e-24        7.11888e-24        2.65184e-24
1000.0000     27.3654      445.9312     0.9500      4.59371e-30            9.19074e-30        3.42363e-30        4.21892e-24        8.44089e-24        3.14431e-24
1100.0000     27.4921      445.9312     0.9500      4.59371e-30            9.19074e-30        3.42363e-30        5.08136e-24        1.01664e-23        3.78707e-24
1200.0000     28.4265      445.9312     0.9500      4.59371e-30            9.19074e-30        3.42363e-30        5.84847e-24        1.17012e-23        4.35879e-24
1300.0000     29.3164      445.9312     0.9500      4.59371e-30            9.19074e-30        3.42363e-30        6.65549e-24        1.33158e-23        4.96025e-24
1500.0000     30.4211      445.9312     0.9500      4.59371e-30            9.19074e-30        3.42363e-30        8.53907e-24        1.70843e-23        6.36406e-24
1700.0000     31.4835      445.9312     0.9500      4.59371e-30            9.19074e-30        3.42363e-30        1.05979e-23        2.12034e-23        7.89844e-24
2000.0000     33.2830      445.9312     0.9500      4.59371e-30            9.19074e-30        3.42363e-30        1.38752e-23        2.77605e-23        1.0341e-23
2500.0000     34.8429      445.9312     0.9500      4.59371e-30            9.19074e-30        3.42363e-30        2.07094e-23        4.14339e-23        1.54345e-23
3000.0000     36.8018      445.9312     0.9500      4.59371e-30            9.19074e-30        3.42363e-30        2.82343e-23        5.6489e-23        2.10426e-23
4000.0000     39.8633      445.9312     0.9500      4.59371e-30            9.19074e-30        3.42363e-30        4.63393e-23        9.27121e-23        3.45361e-23
5000.0000     41.8392      445.9312     0.9500      4.59371e-30            9.19074e-30        3.42363e-30        6.89858e-23        1.38022e-22        5.14142e-23
6000.0000     44.0349      445.9312     0.9500      4.59371e-30            9.19074e-30        3.42363e-30        9.43863e-23        1.88841e-22        7.03449e-23
7000.0000     45.7211      445.9312     0.9500      4.59371e-30            9.19074e-30        3.42363e-30        1.23732e-22        2.47554e-22        9.22159e-23
8000.0000     47.5942      445.9312     0.9500      4.59371e-30            9.19074e-30        3.42363e-30        1.55249e-22        3.1061e-22        1.15705e-22
9000.0000     49.0764      445.9312     0.9500      4.59371e-30            9.19074e-30        3.42363e-30        1.90553e-22        3.81243e-22        1.42016e-22
10000.0000     51.3770      445.9312     0.9500      4.59371e-30            9.19074e-30        3.42363e-30        2.24716e-22        4.49595e-22        1.67478e-22
12000.0000     52.8506      445.9312     0.9500      4.59371e-30            9.19074e-30        3.42363e-30        3.14569e-22        6.29365e-22        2.34444e-22
15000.0000     56.1681      445.9312     0.9500      4.59371e-30            9.19074e-30        3.42363e-30        4.62483e-22        9.25301e-22        3.44683e-22
20000.0000     60.9377      445.9312     0.9500      4.59371e-30            9.19074e-30        3.42363e-30        7.5784e-22        1.51623e-21        5.64808e-22
30000.0000     68.3794      445.9312     0.9500      4.59371e-30            9.19074e-30        3.42363e-30        1.51957e-21        3.04024e-21        1.13251e-21
50000.0000     79.6737      445.9312     0.9500      4.59371e-30            9.19074e-30        3.42363e-30        3.62267e-21        7.24795e-21        2.69993e-21
100000.0000     99.0802      445.9312     0.9500      4.59371e-30            9.19074e-30        3.42363e-30        1.16524e-20        2.33133e-20        8.6844e-21
