Mass(Gev)   Energy       Nbound      Beta       Phi(cm^3 s^-1 GeV^-2)   +dPhi             -dPhi            cs(cm^3 s^-1)        +dcs             -dcs
5.0000     0.4106      226.5012     0.9503      1.49371e-34            1.94965e-34        9.0225e-35        2.28552e-31        2.98314e-31        1.38052e-31
6.0000     0.5772      226.5012     0.9500      1.49371e-34            1.94965e-34        9.0225e-35        2.34134e-31        3.056e-31        1.41424e-31
8.0000     0.8456      226.5012     0.9500      1.49371e-34            1.94965e-34        9.0225e-35        2.84142e-31        3.70872e-31        1.71631e-31
10.0000     1.0265      226.5012     0.9500      1.49371e-34            1.94965e-34        9.0225e-35        3.6571e-31        4.77339e-31        2.20901e-31
15.0000     1.2878      226.5012     0.9500      1.49371e-34            1.94965e-34        9.0225e-35        6.55895e-31        8.56099e-31        3.96181e-31
20.0000     1.5234      226.5012     0.9500      1.49371e-34            1.94965e-34        9.0225e-35        9.85743e-31        1.28663e-30        5.9542e-31
25.0000     1.5983      226.5012     0.9500      1.49371e-34            1.94965e-34        9.0225e-35        1.468e-30        1.91609e-30        8.86718e-31
30.0000     1.7309      226.5012     0.9500      1.49371e-34            1.94965e-34        9.0225e-35        1.95195e-30        2.54776e-30        1.17904e-30
40.0000     1.9027      226.5012     0.9500      1.49371e-34            1.94965e-34        9.0225e-35        3.15694e-30        4.12056e-30        1.90689e-30
50.0000     1.9585      226.5012     0.9500      1.49371e-34            1.94965e-34        9.0225e-35        4.7922e-30        6.25495e-30        2.89464e-30
60.0000     2.0509      226.5012     0.9500      1.49371e-34            1.94965e-34        9.0225e-35        6.58976e-30        8.6012e-30        3.98042e-30
70.0000     2.0953      226.5012     0.9500      1.49371e-34            1.94965e-34        9.0225e-35        8.77939e-30        1.14592e-29        5.30303e-30
80.0000     2.1677      226.5012     0.9500      1.49371e-34            1.94965e-34        9.0225e-35        1.10836e-29        1.44667e-29        6.69482e-30
90.0000     2.2023      226.5012     0.9500      1.49371e-34            1.94965e-34        9.0225e-35        1.38074e-29        1.8022e-29        8.34014e-30
100.0000     2.2332      226.5012     0.9500      1.49371e-34            1.94965e-34        9.0225e-35        1.68107e-29        2.19419e-29        1.01542e-29
110.0000     2.2340      226.5012     0.9500      1.49371e-34            1.94965e-34        9.0225e-35        2.03333e-29        2.65397e-29        1.22819e-29
120.0000     2.2570      226.5012     0.9500      1.49371e-34            1.94965e-34        9.0225e-35        2.39515e-29        3.12624e-29        1.44675e-29
130.0000     2.2784      226.5012     0.9500      1.49371e-34            1.94965e-34        9.0225e-35        2.78465e-29        3.63462e-29        1.68201e-29
140.0000     2.2834      226.5012     0.9500      1.49371e-34            1.94965e-34        9.0225e-35        3.22237e-29        4.20596e-29        1.94642e-29
150.0000     2.2998      226.5012     0.9500      1.49371e-34            1.94965e-34        9.0225e-35        3.67278e-29        4.79385e-29        2.21848e-29
160.0000     2.3056      226.5012     0.9500      1.49371e-34            1.94965e-34        9.0225e-35        4.16843e-29        5.44079e-29        2.51786e-29
180.0000     2.3131      226.5012     0.9500      1.49371e-34            1.94965e-34        9.0225e-35        5.25834e-29        6.86338e-29        3.1762e-29
200.0000     2.3119      226.5012     0.9500      1.49371e-34            1.94965e-34        9.0225e-35        6.49534e-29        8.47797e-29        3.9234e-29
220.0000     2.3214      226.5012     0.9500      1.49371e-34            1.94965e-34        9.0225e-35        7.82707e-29        1.02162e-28        4.7278e-29
240.0000     2.3113      226.5012     0.9500      1.49371e-34            1.94965e-34        9.0225e-35        9.35576e-29        1.22115e-28        5.65118e-29
260.0000     2.2903      226.5012     0.9500      1.49371e-34            1.94965e-34        9.0225e-35        1.10806e-28        1.44629e-28        6.69306e-29
280.0000     2.3002      226.5012     0.9500      1.49371e-34            1.94965e-34        9.0225e-35        1.27956e-28        1.67014e-28        7.72898e-29
300.0000     2.2733      226.5012     0.9500      1.49371e-34            1.94965e-34        9.0225e-35        1.48625e-28        1.93992e-28        8.97745e-29
330.0000     2.2424      226.5012     0.9500      1.49371e-34            1.94965e-34        9.0225e-35        1.82312e-28        2.3796e-28        1.10122e-28
360.0000     2.2052      226.5012     0.9500      1.49371e-34            1.94965e-34        9.0225e-35        2.20634e-28        2.87979e-28        1.3327e-28
400.0000     2.1674      226.5012     0.9500      1.49371e-34            1.94965e-34        9.0225e-35        2.77135e-28        3.61727e-28        1.67398e-28
450.0000     2.1255      226.5012     0.9500      1.49371e-34            1.94965e-34        9.0225e-35        3.57664e-28        4.66837e-28        2.16041e-28
500.0000     2.1445      226.5012     0.9500      1.49371e-34            1.94965e-34        9.0225e-35        4.37636e-28        5.71219e-28        2.64346e-28
550.0000     2.0992      226.5012     0.9500      1.49371e-34            1.94965e-34        9.0225e-35        5.40972e-28        7.06097e-28        3.26764e-28
600.0000     2.0500      226.5012     0.9500      1.49371e-34            1.94965e-34        9.0225e-35        6.59264e-28        8.60496e-28        3.98216e-28
650.0000     1.9984      226.5012     0.9500      1.49371e-34            1.94965e-34        9.0225e-35        7.93679e-28        1.03594e-27        4.79408e-28
700.0000     2.0148      226.5012     0.9500      1.49371e-34            1.94965e-34        9.0225e-35        9.12982e-28        1.19166e-27        5.5147e-28
750.0000     1.9629      226.5012     0.9500      1.49371e-34            1.94965e-34        9.0225e-35        1.07579e-27        1.40416e-27        6.4981e-28
800.0000     1.9106      226.5012     0.9500      1.49371e-34            1.94965e-34        9.0225e-35        1.25754e-27        1.64139e-27        7.59597e-28
900.0000     1.8739      226.5012     0.9500      1.49371e-34            1.94965e-34        9.0225e-35        1.6227e-27        2.11801e-27        9.80161e-28
1000.0000     1.9280      226.5012     0.9500      1.49371e-34            1.94965e-34        9.0225e-35        1.94712e-27        2.54145e-27        1.17612e-27
1100.0000     1.8636      226.5012     0.9500      1.49371e-34            1.94965e-34        9.0225e-35        2.43743e-27        3.18142e-27        1.47228e-27
1200.0000     1.8281      226.5012     0.9500      1.49371e-34            1.94965e-34        9.0225e-35        2.95705e-27        3.85965e-27        1.78615e-27
1300.0000     1.7945      226.5012     0.9500      1.49371e-34            1.94965e-34        9.0225e-35        3.53554e-27        4.61472e-27        2.13558e-27
1500.0000     1.7857      226.5012     0.9500      1.49371e-34            1.94965e-34        9.0225e-35        4.73022e-27        6.17406e-27        2.8572e-27
1700.0000     1.7763      226.5012     0.9500      1.49371e-34            1.94965e-34        9.0225e-35        6.1077e-27        7.972e-27        3.68925e-27
2000.0000     1.7452      226.5012     0.9500      1.49371e-34            1.94965e-34        9.0225e-35        8.60431e-27        1.12307e-26        5.19728e-27
2500.0000     1.7930      226.5012     0.9500      1.49371e-34            1.94965e-34        9.0225e-35        1.30858e-26        1.70801e-26        7.90426e-27
3000.0000     1.8055      226.5012     0.9500      1.49371e-34            1.94965e-34        9.0225e-35        1.87137e-26        2.44258e-26        1.13037e-26
4000.0000     1.8675      226.5012     0.9500      1.49371e-34            1.94965e-34        9.0225e-35        3.2164e-26        4.19817e-26        1.94281e-26
5000.0000     1.9621      226.5012     0.9500      1.49371e-34            1.94965e-34        9.0225e-35        4.7832e-26        6.24321e-26        2.8892e-26
6000.0000     2.0338      226.5012     0.9500      1.49371e-34            1.94965e-34        9.0225e-35        6.64511e-26        8.67345e-26        4.01386e-26
7000.0000     2.1103      226.5012     0.9500      1.49371e-34            1.94965e-34        9.0225e-35        8.71677e-26        1.13775e-25        5.26521e-26
8000.0000     2.1733      226.5012     0.9500      1.49371e-34            1.94965e-34        9.0225e-35        1.10554e-25        1.44299e-25        6.67781e-26
9000.0000     2.2378      226.5012     0.9500      1.49371e-34            1.94965e-34        9.0225e-35        1.35882e-25        1.77359e-25        8.20773e-26
10000.0000     2.3500      226.5012     0.9500      1.49371e-34            1.94965e-34        9.0225e-35        1.5975e-25        2.08511e-25        9.6494e-26
12000.0000     2.4084      226.5012     0.9500      1.49371e-34            1.94965e-34        9.0225e-35        2.24465e-25        2.9298e-25        1.35584e-25
15000.0000     2.5455      226.5012     0.9500      1.49371e-34            1.94965e-34        9.0225e-35        3.31832e-25        4.33119e-25        2.00437e-25
20000.0000     2.7199      226.5012     0.9500      1.49371e-34            1.94965e-34        9.0225e-35        5.52099e-25        7.20621e-25        3.33486e-25
30000.0000     2.9704      226.5012     0.9500      1.49371e-34            1.94965e-34        9.0225e-35        1.13745e-24        1.48465e-24        6.87057e-25
50000.0000     3.2676      226.5012     0.9500      1.49371e-34            1.94965e-34        9.0225e-35        2.87225e-24        3.74897e-24        1.73493e-24
100000.0000     3.5459      226.5012     0.9500      1.49371e-34            1.94965e-34        9.0225e-35        1.05871e-23        1.38187e-23        6.39495e-24
