Mass(Gev)   Energy       Nbound      Beta       Phi(cm^3 s^-1 GeV^-2)   +dPhi             -dPhi            cs(cm^3 s^-1)        +dcs             -dcs
5.0000     0.0000      445.9312     0.9500      4.59371e-30            9.19074e-30        3.42363e-30        inf        nan        nan
6.0000     0.1805      445.9312     0.9500      4.59371e-30            9.19074e-30        3.42363e-30        2.30262e-26        4.60691e-26        1.71612e-26
8.0000     0.5094      445.9312     0.9500      4.59371e-30            9.19074e-30        3.42363e-30        1.45053e-26        2.90211e-26        1.08106e-26
10.0000     0.8731      445.9312     0.9500      4.59371e-30            9.19074e-30        3.42363e-30        1.32228e-26        2.64551e-26        9.85475e-27
15.0000     1.6321      445.9312     0.9500      4.59371e-30            9.19074e-30        3.42363e-30        1.59159e-26        3.18434e-26        1.18619e-26
20.0000     2.7783      445.9312     0.9500      4.59371e-30            9.19074e-30        3.42363e-30        1.66221e-26        3.32562e-26        1.23882e-26
25.0000     3.1984      445.9312     0.9500      4.59371e-30            9.19074e-30        3.42363e-30        2.25603e-26        4.5137e-26        1.68139e-26
30.0000     4.2809      445.9312     0.9500      4.59371e-30            9.19074e-30        3.42363e-30        2.42722e-26        4.85619e-26        1.80897e-26
40.0000     6.2548      445.9312     0.9500      4.59371e-30            9.19074e-30        3.42363e-30        2.95332e-26        5.90877e-26        2.20107e-26
50.0000     6.9588      445.9312     0.9500      4.59371e-30            9.19074e-30        3.42363e-30        4.14769e-26        8.29838e-26        3.09122e-26
60.0000     8.6092      445.9312     0.9500      4.59371e-30            9.19074e-30        3.42363e-30        4.82772e-26        9.65893e-26        3.59804e-26
70.0000     9.4855      445.9312     0.9500      4.59371e-30            9.19074e-30        3.42363e-30        5.96402e-26        1.19323e-25        4.4449e-26
80.0000     11.4537      445.9312     0.9500      4.59371e-30            9.19074e-30        3.42363e-30        6.45115e-26        1.2907e-25        4.80795e-26
90.0000     12.5081      445.9312     0.9500      4.59371e-30            9.19074e-30        3.42363e-30        7.47647e-26        1.49584e-25        5.57212e-26
100.0000     13.6125      445.9312     0.9500      4.59371e-30            9.19074e-30        3.42363e-30        8.48135e-26        1.69688e-25        6.32104e-26
110.0000     13.5965      445.9312     0.9500      4.59371e-30            9.19074e-30        3.42363e-30        1.02745e-25        2.05564e-25        7.65745e-26
120.0000     14.7423      445.9312     0.9500      4.59371e-30            9.19074e-30        3.42363e-30        1.12772e-25        2.25625e-25        8.40475e-26
130.0000     15.9288      445.9312     0.9500      4.59371e-30            9.19074e-30        3.42363e-30        1.22492e-25        2.45072e-25        9.12914e-26
140.0000     15.9343      445.9312     0.9500      4.59371e-30            9.19074e-30        3.42363e-30        1.42012e-25        2.84128e-25        1.0584e-25
150.0000     17.1584      445.9312     0.9500      4.59371e-30            9.19074e-30        3.42363e-30        1.51394e-25        3.02898e-25        1.12832e-25
160.0000     18.4057      445.9312     0.9500      4.59371e-30            9.19074e-30        3.42363e-30        1.6058e-25        3.21275e-25        1.19678e-25
180.0000     19.7107      445.9312     0.9500      4.59371e-30            9.19074e-30        3.42363e-30        1.89778e-25        3.79693e-25        1.41439e-25
200.0000     21.0547      445.9312     0.9500      4.59371e-30            9.19074e-30        3.42363e-30        2.19338e-25        4.38835e-25        1.6347e-25
220.0000     21.1230      445.9312     0.9500      4.59371e-30            9.19074e-30        3.42363e-30        2.64541e-25        5.29273e-25        1.97159e-25
240.0000     22.5129      445.9312     0.9500      4.59371e-30            9.19074e-30        3.42363e-30        2.95389e-25        5.90992e-25        2.2015e-25
260.0000     23.9246      445.9312     0.9500      4.59371e-30            9.19074e-30        3.42363e-30        3.26217e-25        6.52669e-25        2.43125e-25
280.0000     24.0050      445.9312     0.9500      4.59371e-30            9.19074e-30        3.42363e-30        3.77066e-25        7.54404e-25        2.81022e-25
300.0000     25.4572      445.9312     0.9500      4.59371e-30            9.19074e-30        3.42363e-30        4.08164e-25        8.16623e-25        3.04199e-25
330.0000     26.9901      445.9312     0.9500      4.59371e-30            9.19074e-30        3.42363e-30        4.65829e-25        9.31996e-25        3.47177e-25
360.0000     28.5501      445.9312     0.9500      4.59371e-30            9.19074e-30        3.42363e-30        5.24083e-25        1.04854e-24        3.90592e-25
400.0000     30.1833      445.9312     0.9500      4.59371e-30            9.19074e-30        3.42363e-30        6.12007e-25        1.22446e-24        4.56121e-25
450.0000     31.9128      445.9312     0.9500      4.59371e-30            9.19074e-30        3.42363e-30        7.32594e-25        1.46572e-24        5.45993e-25
500.0000     32.1383      445.9312     0.9500      4.59371e-30            9.19074e-30        3.42363e-30        8.98091e-25        1.79683e-24        6.69335e-25
550.0000     33.8902      445.9312     0.9500      4.59371e-30            9.19074e-30        3.42363e-30        1.03052e-24        2.06178e-24        7.6803e-25
600.0000     35.6831      445.9312     0.9500      4.59371e-30            9.19074e-30        3.42363e-30        1.16478e-24        2.3304e-24        8.68095e-25
650.0000     37.4968      445.9312     0.9500      4.59371e-30            9.19074e-30        3.42363e-30        1.30088e-24        2.60269e-24        9.69525e-25
700.0000     37.7280      445.9312     0.9500      4.59371e-30            9.19074e-30        3.42363e-30        1.49946e-24        3.00001e-24        1.11753e-24
750.0000     39.5657      445.9312     0.9500      4.59371e-30            9.19074e-30        3.42363e-30        1.64137e-24        3.28393e-24        1.22329e-24
800.0000     41.4192      445.9312     0.9500      4.59371e-30            9.19074e-30        3.42363e-30        1.78394e-24        3.56918e-24        1.32955e-24
900.0000     43.5217      445.9312     0.9500      4.59371e-30            9.19074e-30        3.42363e-30        2.14873e-24        4.29902e-24        1.60142e-24
1000.0000     45.7911      445.9312     0.9500      4.59371e-30            9.19074e-30        3.42363e-30        2.52129e-24        5.04439e-24        1.87908e-24
1100.0000     46.0816      445.9312     0.9500      4.59371e-30            9.19074e-30        3.42363e-30        3.03153e-24        6.06525e-24        2.25936e-24
1200.0000     48.1878      445.9312     0.9500      4.59371e-30            9.19074e-30        3.42363e-30        3.45007e-24        6.90264e-24        2.5713e-24
1300.0000     50.3223      445.9312     0.9500      4.59371e-30            9.19074e-30        3.42363e-30        3.8773e-24        7.7574e-24        2.8897e-24
1500.0000     52.8476      445.9312     0.9500      4.59371e-30            9.19074e-30        3.42363e-30        4.91542e-24        9.83439e-24        3.6634e-24
1700.0000     55.3598      445.9312     0.9500      4.59371e-30            9.19074e-30        3.42363e-30        6.02707e-24        1.20585e-23        4.4919e-24
2000.0000     59.9732      445.9312     0.9500      4.59371e-30            9.19074e-30        3.42363e-30        7.70027e-24        1.54061e-23        5.73891e-24
2500.0000     63.4336      445.9312     0.9500      4.59371e-30            9.19074e-30        3.42363e-30        1.13753e-23        2.27589e-23        8.47789e-24
3000.0000     68.5687      445.9312     0.9500      4.59371e-30            9.19074e-30        3.42363e-30        1.51537e-23        3.03185e-23        1.12939e-23
4000.0000     76.7353      445.9312     0.9500      4.59371e-30            9.19074e-30        3.42363e-30        2.40729e-23        4.81632e-23        1.79412e-23
5000.0000     81.0794      445.9312     0.9500      4.59371e-30            9.19074e-30        3.42363e-30        3.55986e-23        7.12229e-23        2.65312e-23
6000.0000     86.9489      445.9312     0.9500      4.59371e-30            9.19074e-30        3.42363e-30        4.78015e-23        9.56376e-23        3.56258e-23
7000.0000     90.8396      445.9312     0.9500      4.59371e-30            9.19074e-30        3.42363e-30        6.22765e-23        1.24598e-22        4.64139e-23
8000.0000     96.2870      445.9312     0.9500      4.59371e-30            9.19074e-30        3.42363e-30        7.67389e-23        1.53533e-22        5.71925e-23
9000.0000     99.8859      445.9312     0.9500      4.59371e-30            9.19074e-30        3.42363e-30        9.36233e-23        1.87314e-22        6.97762e-23
10000.0000     104.7241      445.9312     0.9500      4.59371e-30            9.19074e-30        3.42363e-30        1.10244e-22        2.20569e-22        8.21638e-23
12000.0000     108.3591      445.9312     0.9500      4.59371e-30            9.19074e-30        3.42363e-30        1.53427e-22        3.06964e-22        1.14347e-22
15000.0000     116.1146      445.9312     0.9500      4.59371e-30            9.19074e-30        3.42363e-30        2.23717e-22        4.47596e-22        1.66733e-22
20000.0000     127.3490      445.9312     0.9500      4.59371e-30            9.19074e-30        3.42363e-30        3.62633e-22        7.25529e-22        2.70266e-22
30000.0000     142.4974      445.9312     0.9500      4.59371e-30            9.19074e-30        3.42363e-30        7.29187e-22        1.4589e-21        5.43453e-22
50000.0000     163.9986      445.9312     0.9500      4.59371e-30            9.19074e-30        3.42363e-30        1.75996e-21        3.52119e-21        1.31168e-21
100000.0000     198.6678      445.9312     0.9500      4.59371e-30            9.19074e-30        3.42363e-30        5.81133e-21        1.16269e-20        4.33111e-21
