Mass(Gev)   Energy       Nbound      Beta       Phi(cm^3 s^-1 GeV^-2)   +dPhi             -dPhi            cs(cm^3 s^-1)        +dcs             -dcs
5.0000     0.0000      237.9112     0.9501      2.07106e-23            1.86938e-22        1.94162e-23        inf        nan        nan
6.0000     0.1805      237.9112     0.9500      2.07106e-23            1.86938e-22        1.94162e-23        1.03813e-19        9.37038e-19        9.73247e-20
8.0000     0.5094      237.9112     0.9500      2.07106e-23            1.86938e-22        1.94162e-23        6.53968e-20        5.90284e-19        6.13094e-20
10.0000     0.8731      237.9112     0.9500      2.07106e-23            1.86938e-22        1.94162e-23        5.96145e-20        5.38091e-19        5.58884e-20
15.0000     1.6321      237.9112     0.9500      2.07106e-23            1.86938e-22        1.94162e-23        7.17566e-20        6.47689e-19        6.72717e-20
20.0000     2.7783      237.9112     0.9500      2.07106e-23            1.86938e-22        1.94162e-23        7.49403e-20        6.76425e-19        7.02564e-20
25.0000     3.1984      237.9112     0.9500      2.07106e-23            1.86938e-22        1.94162e-23        1.01713e-19        9.18077e-19        9.53554e-20
30.0000     4.2809      237.9112     0.9500      2.07106e-23            1.86938e-22        1.94162e-23        1.0943e-19        9.87739e-19        1.02591e-19
40.0000     6.2548      237.9112     0.9500      2.07106e-23            1.86938e-22        1.94162e-23        1.3315e-19        1.20183e-18        1.24827e-19
50.0000     6.9588      237.9112     0.9500      2.07106e-23            1.86938e-22        1.94162e-23        1.86998e-19        1.68787e-18        1.7531e-19
60.0000     8.6092      237.9112     0.9500      2.07106e-23            1.86938e-22        1.94162e-23        2.17656e-19        1.96461e-18        2.04053e-19
70.0000     9.4855      237.9112     0.9500      2.07106e-23            1.86938e-22        1.94162e-23        2.68886e-19        2.42702e-18        2.5208e-19
80.0000     11.4537      237.9112     0.9500      2.07106e-23            1.86938e-22        1.94162e-23        2.90848e-19        2.62525e-18        2.7267e-19
90.0000     12.5081      237.9112     0.9500      2.07106e-23            1.86938e-22        1.94162e-23        3.37075e-19        3.0425e-18        3.16007e-19
100.0000     13.6125      237.9112     0.9500      2.07106e-23            1.86938e-22        1.94162e-23        3.82379e-19        3.45143e-18        3.5848e-19
110.0000     13.5965      237.9112     0.9500      2.07106e-23            1.86938e-22        1.94162e-23        4.63223e-19        4.18114e-18        4.34271e-19
120.0000     14.7423      237.9112     0.9500      2.07106e-23            1.86938e-22        1.94162e-23        5.08429e-19        4.58918e-18        4.76652e-19
130.0000     15.9288      237.9112     0.9500      2.07106e-23            1.86938e-22        1.94162e-23        5.5225e-19        4.98471e-18        5.17734e-19
140.0000     15.9343      237.9112     0.9500      2.07106e-23            1.86938e-22        1.94162e-23        6.40259e-19        5.7791e-18        6.00242e-19
150.0000     17.1584      237.9112     0.9500      2.07106e-23            1.86938e-22        1.94162e-23        6.82557e-19        6.16089e-18        6.39896e-19
160.0000     18.4057      237.9112     0.9500      2.07106e-23            1.86938e-22        1.94162e-23        7.23969e-19        6.53468e-18        6.7872e-19
180.0000     19.7107      237.9112     0.9500      2.07106e-23            1.86938e-22        1.94162e-23        8.55609e-19        7.72289e-18        8.02132e-19
200.0000     21.0547      237.9112     0.9500      2.07106e-23            1.86938e-22        1.94162e-23        9.88881e-19        8.92582e-18        9.27074e-19
220.0000     21.1230      237.9112     0.9500      2.07106e-23            1.86938e-22        1.94162e-23        1.19267e-18        1.07653e-17        1.11813e-18
240.0000     22.5129      237.9112     0.9500      2.07106e-23            1.86938e-22        1.94162e-23        1.33175e-18        1.20207e-17        1.24852e-18
260.0000     23.9246      237.9112     0.9500      2.07106e-23            1.86938e-22        1.94162e-23        1.47074e-18        1.32752e-17        1.37882e-18
280.0000     24.0050      237.9112     0.9500      2.07106e-23            1.86938e-22        1.94162e-23        1.69999e-18        1.53444e-17        1.59374e-18
300.0000     25.4572      237.9112     0.9500      2.07106e-23            1.86938e-22        1.94162e-23        1.8402e-18        1.661e-17        1.72518e-18
330.0000     26.9901      237.9112     0.9500      2.07106e-23            1.86938e-22        1.94162e-23        2.10018e-18        1.89566e-17        1.96891e-18
360.0000     28.5501      237.9112     0.9500      2.07106e-23            1.86938e-22        1.94162e-23        2.36281e-18        2.13272e-17        2.21513e-18
400.0000     30.1833      237.9112     0.9500      2.07106e-23            1.86938e-22        1.94162e-23        2.75922e-18        2.49052e-17        2.58676e-18
450.0000     31.9128      237.9112     0.9500      2.07106e-23            1.86938e-22        1.94162e-23        3.30288e-18        2.98124e-17        3.09645e-18
500.0000     32.1383      237.9112     0.9500      2.07106e-23            1.86938e-22        1.94162e-23        4.04902e-18        3.65472e-17        3.79595e-18
550.0000     33.8902      237.9112     0.9500      2.07106e-23            1.86938e-22        1.94162e-23        4.64605e-18        4.19361e-17        4.35567e-18
600.0000     35.6831      237.9112     0.9500      2.07106e-23            1.86938e-22        1.94162e-23        5.25138e-18        4.73999e-17        4.92316e-18
650.0000     37.4968      237.9112     0.9500      2.07106e-23            1.86938e-22        1.94162e-23        5.86496e-18        5.29382e-17        5.49839e-18
700.0000     37.7280      237.9112     0.9500      2.07106e-23            1.86938e-22        1.94162e-23        6.76028e-18        6.10195e-17        6.33775e-18
750.0000     39.5657      237.9112     0.9500      2.07106e-23            1.86938e-22        1.94162e-23        7.40009e-18        6.67946e-17        6.93757e-18
800.0000     41.4192      237.9112     0.9500      2.07106e-23            1.86938e-22        1.94162e-23        8.04286e-18        7.25964e-17        7.54017e-18
900.0000     43.5217      237.9112     0.9500      2.07106e-23            1.86938e-22        1.94162e-23        9.6875e-18        8.74412e-17        9.08201e-18
1000.0000     45.7911      237.9112     0.9500      2.07106e-23            1.86938e-22        1.94162e-23        1.13671e-17        1.02602e-16        1.06567e-17
1100.0000     46.0816      237.9112     0.9500      2.07106e-23            1.86938e-22        1.94162e-23        1.36676e-17        1.23366e-16        1.28133e-17
1200.0000     48.1878      237.9112     0.9500      2.07106e-23            1.86938e-22        1.94162e-23        1.55546e-17        1.40398e-16        1.45824e-17
1300.0000     50.3223      237.9112     0.9500      2.07106e-23            1.86938e-22        1.94162e-23        1.74807e-17        1.57784e-16        1.63881e-17
1500.0000     52.8476      237.9112     0.9500      2.07106e-23            1.86938e-22        1.94162e-23        2.2161e-17        2.0003e-16        2.07759e-17
1700.0000     55.3598      237.9112     0.9500      2.07106e-23            1.86938e-22        1.94162e-23        2.71729e-17        2.45268e-16        2.54745e-17
2000.0000     59.9732      237.9112     0.9500      2.07106e-23            1.86938e-22        1.94162e-23        3.47165e-17        3.13357e-16        3.25466e-17
2500.0000     63.4336      237.9112     0.9500      2.07106e-23            1.86938e-22        1.94162e-23        5.12854e-17        4.62911e-16        4.808e-17
3000.0000     68.5687      237.9112     0.9500      2.07106e-23            1.86938e-22        1.94162e-23        6.83203e-17        6.16672e-16        6.40501e-17
4000.0000     76.7353      237.9112     0.9500      2.07106e-23            1.86938e-22        1.94162e-23        1.08532e-16        9.7963e-16        1.01749e-16
5000.0000     81.0794      237.9112     0.9500      2.07106e-23            1.86938e-22        1.94162e-23        1.60495e-16        1.44866e-15        1.50464e-16
6000.0000     86.9489      237.9112     0.9500      2.07106e-23            1.86938e-22        1.94162e-23        2.15512e-16        1.94525e-15        2.02042e-16
7000.0000     90.8396      237.9112     0.9500      2.07106e-23            1.86938e-22        1.94162e-23        2.80772e-16        2.5343e-15        2.63223e-16
8000.0000     96.2870      237.9112     0.9500      2.07106e-23            1.86938e-22        1.94162e-23        3.45975e-16        3.12284e-15        3.24351e-16
9000.0000     99.8859      237.9112     0.9500      2.07106e-23            1.86938e-22        1.94162e-23        4.22098e-16        3.80994e-15        3.95716e-16
10000.0000     104.7241      237.9112     0.9500      2.07106e-23            1.86938e-22        1.94162e-23        4.97034e-16        4.48632e-15        4.65969e-16
12000.0000     108.3591      237.9112     0.9500      2.07106e-23            1.86938e-22        1.94162e-23        6.91719e-16        6.24359e-15        6.48486e-16
15000.0000     116.1146      237.9112     0.9500      2.07106e-23            1.86938e-22        1.94162e-23        1.00862e-15        9.10401e-15        9.45581e-16
20000.0000     127.3490      237.9112     0.9500      2.07106e-23            1.86938e-22        1.94162e-23        1.63492e-15        1.47571e-14        1.53274e-15
30000.0000     142.4974      237.9112     0.9500      2.07106e-23            1.86938e-22        1.94162e-23        3.28752e-15        2.96738e-14        3.08204e-15
50000.0000     163.9986      237.9112     0.9500      2.07106e-23            1.86938e-22        1.94162e-23        7.93474e-15        7.16204e-14        7.4388e-15
100000.0000     198.6678      237.9112     0.9500      2.07106e-23            1.86938e-22        1.94162e-23        2.62002e-14        2.36488e-13        2.45627e-14
