Mass(Gev)   Energy       Nbound      Beta       Phi(cm^3 s^-1 GeV^-2)   +dPhi             -dPhi            cs(cm^3 s^-1)        +dcs             -dcs
5.0000     0.0317      237.9112     0.9501      5.69182e-17            1.62708e-15        5.61112e-17        1.12651e-12        3.22027e-11        1.11054e-12
6.0000     0.0405      237.9112     0.9500      5.69182e-17            1.62708e-15        5.61112e-17        1.2712e-12        3.63387e-11        1.25317e-12
8.0000     0.0558      237.9112     0.9500      5.69182e-17            1.62708e-15        5.61112e-17        1.64166e-12        4.69289e-11        1.61838e-12
10.0000     0.0675      237.9112     0.9500      5.69182e-17            1.62708e-15        5.61112e-17        2.11856e-12        6.05617e-11        2.08852e-12
15.0000     0.0887      237.9112     0.9500      5.69182e-17            1.62708e-15        5.61112e-17        3.62796e-12        1.0371e-10        3.57652e-12
20.0000     0.1104      237.9112     0.9500      5.69182e-17            1.62708e-15        5.61112e-17        5.18376e-12        1.48184e-10        5.11026e-12
25.0000     0.1209      237.9112     0.9500      5.69182e-17            1.62708e-15        5.61112e-17        7.39544e-12        2.11408e-10        7.29059e-12
30.0000     0.1367      237.9112     0.9500      5.69182e-17            1.62708e-15        5.61112e-17        9.41919e-12        2.6926e-10        9.28564e-12
40.0000     0.1626      237.9112     0.9500      5.69182e-17            1.62708e-15        5.61112e-17        1.40744e-11        4.02333e-10        1.38748e-11
50.0000     0.1759      237.9112     0.9500      5.69182e-17            1.62708e-15        5.61112e-17        2.03313e-11        5.81197e-10        2.00431e-11
60.0000     0.1950      237.9112     0.9500      5.69182e-17            1.62708e-15        5.61112e-17        2.64088e-11        7.54928e-10        2.60343e-11
70.0000     0.2069      237.9112     0.9500      5.69182e-17            1.62708e-15        5.61112e-17        3.38827e-11        9.6858e-10        3.34023e-11
80.0000     0.2257      237.9112     0.9500      5.69182e-17            1.62708e-15        5.61112e-17        4.05659e-11        1.15963e-09        3.99908e-11
90.0000     0.2371      237.9112     0.9500      5.69182e-17            1.62708e-15        5.61112e-17        4.88635e-11        1.39683e-09        4.81707e-11
100.0000     0.2486      237.9112     0.9500      5.69182e-17            1.62708e-15        5.61112e-17        5.75516e-11        1.64519e-09        5.67356e-11
110.0000     0.2490      237.9112     0.9500      5.69182e-17            1.62708e-15        5.61112e-17        6.95071e-11        1.98695e-09        6.85216e-11
120.0000     0.2561      237.9112     0.9500      5.69182e-17            1.62708e-15        5.61112e-17        8.04383e-11        2.29943e-09        7.92978e-11
130.0000     0.2643      237.9112     0.9500      5.69182e-17            1.62708e-15        5.61112e-17        9.14843e-11        2.61519e-09        9.01872e-11
140.0000     0.2691      237.9112     0.9500      5.69182e-17            1.62708e-15        5.61112e-17        1.04195e-10        2.97853e-09        1.02717e-10
150.0000     0.2787      237.9112     0.9500      5.69182e-17            1.62708e-15        5.61112e-17        1.15508e-10        3.30195e-09        1.13871e-10
160.0000     0.2882      237.9112     0.9500      5.69182e-17            1.62708e-15        5.61112e-17        1.27083e-10        3.63283e-09        1.25281e-10
180.0000     0.3036      237.9112     0.9500      5.69182e-17            1.62708e-15        5.61112e-17        1.52686e-10        4.36472e-09        1.50521e-10
200.0000     0.3193      237.9112     0.9500      5.69182e-17            1.62708e-15        5.61112e-17        1.7918e-10        5.1221e-09        1.7664e-10
220.0000     0.3301      237.9112     0.9500      5.69182e-17            1.62708e-15        5.61112e-17        2.09733e-10        5.99547e-09        2.06759e-10
240.0000     0.3463      237.9112     0.9500      5.69182e-17            1.62708e-15        5.61112e-17        2.37911e-10        6.80099e-09        2.34538e-10
260.0000     0.3624      237.9112     0.9500      5.69182e-17            1.62708e-15        5.61112e-17        2.66816e-10        7.62726e-09        2.63033e-10
280.0000     0.3725      237.9112     0.9500      5.69182e-17            1.62708e-15        5.61112e-17        3.01112e-10        8.60766e-09        2.96843e-10
300.0000     0.3893      237.9112     0.9500      5.69182e-17            1.62708e-15        5.61112e-17        3.30738e-10        9.45457e-09        3.26049e-10
330.0000     0.4111      237.9112     0.9500      5.69182e-17            1.62708e-15        5.61112e-17        3.78921e-10        1.08319e-08        3.73549e-10
360.0000     0.4330      237.9112     0.9500      5.69182e-17            1.62708e-15        5.61112e-17        4.28154e-10        1.22393e-08        4.22083e-10
400.0000     0.4606      237.9112     0.9500      5.69182e-17            1.62708e-15        5.61112e-17        4.96968e-10        1.42065e-08        4.89922e-10
450.0000     0.4916      237.9112     0.9500      5.69182e-17            1.62708e-15        5.61112e-17        5.89268e-10        1.6845e-08        5.80913e-10
500.0000     0.5115      237.9112     0.9500      5.69182e-17            1.62708e-15        5.61112e-17        6.99136e-10        1.99857e-08        6.89224e-10
550.0000     0.5423      237.9112     0.9500      5.69182e-17            1.62708e-15        5.61112e-17        7.97901e-10        2.2809e-08        7.86588e-10
600.0000     0.5731      237.9112     0.9500      5.69182e-17            1.62708e-15        5.61112e-17        8.98534e-10        2.56857e-08        8.85794e-10
650.0000     0.6044      237.9112     0.9500      5.69182e-17            1.62708e-15        5.61112e-17        1.00005e-09        2.85877e-08        9.85872e-10
700.0000     0.6210      237.9112     0.9500      5.69182e-17            1.62708e-15        5.61112e-17        1.12877e-09        3.22674e-08        1.11277e-09
750.0000     0.6520      237.9112     0.9500      5.69182e-17            1.62708e-15        5.61112e-17        1.23407e-09        3.52776e-08        1.21658e-09
800.0000     0.6840      237.9112     0.9500      5.69182e-17            1.62708e-15        5.61112e-17        1.33847e-09        3.8262e-08        1.3195e-09
900.0000     0.7308      237.9112     0.9500      5.69182e-17            1.62708e-15        5.61112e-17        1.5856e-09        4.53263e-08        1.56312e-09
1000.0000     0.7872      237.9112     0.9500      5.69182e-17            1.62708e-15        5.61112e-17        1.81717e-09        5.1946e-08        1.7914e-09
1100.0000     0.8042      237.9112     0.9500      5.69182e-17            1.62708e-15        5.61112e-17        2.15226e-09        6.15251e-08        2.12175e-09
1200.0000     0.8490      237.9112     0.9500      5.69182e-17            1.62708e-15        5.61112e-17        2.42618e-09        6.93553e-08        2.39178e-09
1300.0000     0.8934      237.9112     0.9500      5.69182e-17            1.62708e-15        5.61112e-17        2.70596e-09        7.73532e-08        2.66759e-09
1500.0000     0.9607      237.9112     0.9500      5.69182e-17            1.62708e-15        5.61112e-17        3.35026e-09        9.57714e-08        3.30276e-09
1700.0000     1.0249      237.9112     0.9500      5.69182e-17            1.62708e-15        5.61112e-17        4.03373e-09        1.15309e-07        3.97654e-09
2000.0000     1.1285      237.9112     0.9500      5.69182e-17            1.62708e-15        5.61112e-17        5.07045e-09        1.44945e-07        4.99856e-09
2500.0000     1.2380      237.9112     0.9500      5.69182e-17            1.62708e-15        5.61112e-17        7.2217e-09        2.06441e-07        7.1193e-09
3000.0000     1.3603      237.9112     0.9500      5.69182e-17            1.62708e-15        5.61112e-17        9.46451e-09        2.70555e-07        9.33031e-09
4000.0000     1.5574      237.9112     0.9500      5.69182e-17            1.62708e-15        5.61112e-17        1.46968e-08        4.20127e-07        1.44884e-08
5000.0000     1.6869      237.9112     0.9500      5.69182e-17            1.62708e-15        5.61112e-17        2.12007e-08        6.06048e-07        2.09001e-08
6000.0000     1.8209      237.9112     0.9500      5.69182e-17            1.62708e-15        5.61112e-17        2.82823e-08        8.08485e-07        2.78813e-08
7000.0000     1.9217      237.9112     0.9500      5.69182e-17            1.62708e-15        5.61112e-17        3.64751e-08        1.04269e-06        3.5958e-08
8000.0000     2.0297      237.9112     0.9500      5.69182e-17            1.62708e-15        5.61112e-17        4.51066e-08        1.28943e-06        4.44671e-08
9000.0000     2.1115      237.9112     0.9500      5.69182e-17            1.62708e-15        5.61112e-17        5.48762e-08        1.56871e-06        5.40982e-08
10000.0000     2.2205      237.9112     0.9500      5.69182e-17            1.62708e-15        5.61112e-17        6.44224e-08        1.8416e-06        6.3509e-08
12000.0000     2.3067      237.9112     0.9500      5.69182e-17            1.62708e-15        5.61112e-17        8.93015e-08        2.5528e-06        8.80353e-08
15000.0000     2.4632      237.9112     0.9500      5.69182e-17            1.62708e-15        5.61112e-17        1.30669e-07        3.73535e-06        1.28817e-07
20000.0000     2.6583      237.9112     0.9500      5.69182e-17            1.62708e-15        5.61112e-17        2.15252e-07        6.15325e-06        2.122e-07
30000.0000     2.9224      237.9112     0.9500      5.69182e-17            1.62708e-15        5.61112e-17        4.40549e-07        1.25937e-05        4.34303e-07
50000.0000     3.2355      237.9112     0.9500      5.69182e-17            1.62708e-15        5.61112e-17        1.10532e-06        3.15969e-05        1.08964e-06
100000.0000     3.5335      237.9112     0.9500      5.69182e-17            1.62708e-15        5.61112e-17        4.04846e-06        0.00011573        3.99106e-06
