Mass(Gev)   Energy       Nbound      Beta       Phi(cm^3 s^-1 GeV^-2)   +dPhi             -dPhi            cs(cm^3 s^-1)        +dcs             -dcs
5.0000     0.4106      201.7012     0.9502      1.59334e-23            2.35963e-23        2.00646e-23        2.43796e-20        3.61044e-20        3.07006e-20
6.0000     0.5772      201.7012     0.9500      1.59334e-23            2.35963e-23        2.00646e-23        2.4975e-20        3.69862e-20        3.14504e-20
8.0000     0.8456      201.7012     0.9500      1.59334e-23            2.35963e-23        2.00646e-23        3.03094e-20        4.4886e-20        3.81678e-20
10.0000     1.0265      201.7012     0.9500      1.59334e-23            2.35963e-23        2.00646e-23        3.90103e-20        5.77714e-20        4.91247e-20
15.0000     1.2878      201.7012     0.9500      1.59334e-23            2.35963e-23        2.00646e-23        6.99643e-20        1.03612e-19        8.81042e-20
20.0000     1.5234      201.7012     0.9500      1.59334e-23            2.35963e-23        2.00646e-23        1.05149e-19        1.55718e-19        1.32412e-19
25.0000     1.5983      201.7012     0.9500      1.59334e-23            2.35963e-23        2.00646e-23        1.56591e-19        2.319e-19        1.97192e-19
30.0000     1.7309      201.7012     0.9500      1.59334e-23            2.35963e-23        2.00646e-23        2.08215e-19        3.08351e-19        2.622e-19
40.0000     1.9027      201.7012     0.9500      1.59334e-23            2.35963e-23        2.00646e-23        3.36751e-19        4.98703e-19        4.24062e-19
50.0000     1.9585      201.7012     0.9500      1.59334e-23            2.35963e-23        2.00646e-23        5.11183e-19        7.57025e-19        6.4372e-19
60.0000     2.0509      201.7012     0.9500      1.59334e-23            2.35963e-23        2.00646e-23        7.02929e-19        1.04099e-18        8.85181e-19
70.0000     2.0953      201.7012     0.9500      1.59334e-23            2.35963e-23        2.00646e-23        9.36497e-19        1.38688e-18        1.17931e-18
80.0000     2.1677      201.7012     0.9500      1.59334e-23            2.35963e-23        2.00646e-23        1.18228e-18        1.75087e-18        1.48882e-18
90.0000     2.2023      201.7012     0.9500      1.59334e-23            2.35963e-23        2.00646e-23        1.47284e-18        2.18117e-18        1.85471e-18
100.0000     2.2332      201.7012     0.9500      1.59334e-23            2.35963e-23        2.00646e-23        1.79319e-18        2.65559e-18        2.25812e-18
110.0000     2.2340      201.7012     0.9500      1.59334e-23            2.35963e-23        2.00646e-23        2.16895e-18        3.21206e-18        2.7313e-18
120.0000     2.2570      201.7012     0.9500      1.59334e-23            2.35963e-23        2.00646e-23        2.55491e-18        3.78364e-18        3.21733e-18
130.0000     2.2784      201.7012     0.9500      1.59334e-23            2.35963e-23        2.00646e-23        2.97038e-18        4.39892e-18        3.74052e-18
140.0000     2.2834      201.7012     0.9500      1.59334e-23            2.35963e-23        2.00646e-23        3.43731e-18        5.0904e-18        4.32851e-18
150.0000     2.2998      201.7012     0.9500      1.59334e-23            2.35963e-23        2.00646e-23        3.91775e-18        5.8019e-18        4.93353e-18
160.0000     2.3056      201.7012     0.9500      1.59334e-23            2.35963e-23        2.00646e-23        4.44646e-18        6.58488e-18        5.59932e-18
180.0000     2.3131      201.7012     0.9500      1.59334e-23            2.35963e-23        2.00646e-23        5.60907e-18        8.30662e-18        7.06336e-18
200.0000     2.3119      201.7012     0.9500      1.59334e-23            2.35963e-23        2.00646e-23        6.92858e-18        1.02607e-17        8.72499e-18
220.0000     2.3214      201.7012     0.9500      1.59334e-23            2.35963e-23        2.00646e-23        8.34914e-18        1.23645e-17        1.05139e-17
240.0000     2.3113      201.7012     0.9500      1.59334e-23            2.35963e-23        2.00646e-23        9.97979e-18        1.47793e-17        1.25673e-17
260.0000     2.2903      201.7012     0.9500      1.59334e-23            2.35963e-23        2.00646e-23        1.18197e-17        1.75041e-17        1.48843e-17
280.0000     2.3002      201.7012     0.9500      1.59334e-23            2.35963e-23        2.00646e-23        1.36491e-17        2.02133e-17        1.7188e-17
300.0000     2.2733      201.7012     0.9500      1.59334e-23            2.35963e-23        2.00646e-23        1.58539e-17        2.34784e-17        1.99644e-17
330.0000     2.2424      201.7012     0.9500      1.59334e-23            2.35963e-23        2.00646e-23        1.94472e-17        2.87999e-17        2.44894e-17
360.0000     2.2052      201.7012     0.9500      1.59334e-23            2.35963e-23        2.00646e-23        2.3535e-17        3.48536e-17        2.9637e-17
400.0000     2.1674      201.7012     0.9500      1.59334e-23            2.35963e-23        2.00646e-23        2.9562e-17        4.37792e-17        3.72267e-17
450.0000     2.1255      201.7012     0.9500      1.59334e-23            2.35963e-23        2.00646e-23        3.8152e-17        5.65004e-17        4.80439e-17
500.0000     2.1445      201.7012     0.9500      1.59334e-23            2.35963e-23        2.00646e-23        4.66827e-17        6.91336e-17        5.87863e-17
550.0000     2.0992      201.7012     0.9500      1.59334e-23            2.35963e-23        2.00646e-23        5.77054e-17        8.54575e-17        7.2667e-17
600.0000     2.0500      201.7012     0.9500      1.59334e-23            2.35963e-23        2.00646e-23        7.03236e-17        1.04144e-16        8.85568e-17
650.0000     1.9984      201.7012     0.9500      1.59334e-23            2.35963e-23        2.00646e-23        8.46617e-17        1.25378e-16        1.06612e-16
700.0000     2.0148      201.7012     0.9500      1.59334e-23            2.35963e-23        2.00646e-23        9.73878e-17        1.44224e-16        1.22638e-16
750.0000     1.9629      201.7012     0.9500      1.59334e-23            2.35963e-23        2.00646e-23        1.14754e-16        1.69943e-16        1.44507e-16
800.0000     1.9106      201.7012     0.9500      1.59334e-23            2.35963e-23        2.00646e-23        1.34142e-16        1.98655e-16        1.68922e-16
900.0000     1.8739      201.7012     0.9500      1.59334e-23            2.35963e-23        2.00646e-23        1.73093e-16        2.56338e-16        2.17972e-16
1000.0000     1.9280      201.7012     0.9500      1.59334e-23            2.35963e-23        2.00646e-23        2.07699e-16        3.07587e-16        2.6155e-16
1100.0000     1.8636      201.7012     0.9500      1.59334e-23            2.35963e-23        2.00646e-23        2.6e-16        3.85041e-16        3.27412e-16
1200.0000     1.8281      201.7012     0.9500      1.59334e-23            2.35963e-23        2.00646e-23        3.15429e-16        4.67127e-16        3.97211e-16
1300.0000     1.7945      201.7012     0.9500      1.59334e-23            2.35963e-23        2.00646e-23        3.77136e-16        5.58511e-16        4.74918e-16
1500.0000     1.7857      201.7012     0.9500      1.59334e-23            2.35963e-23        2.00646e-23        5.04572e-16        7.47235e-16        6.35395e-16
1700.0000     1.7763      201.7012     0.9500      1.59334e-23            2.35963e-23        2.00646e-23        6.51508e-16        9.64836e-16        8.20428e-16
2000.0000     1.7452      201.7012     0.9500      1.59334e-23            2.35963e-23        2.00646e-23        9.17821e-16        1.35923e-15        1.15579e-15
2500.0000     1.7930      201.7012     0.9500      1.59334e-23            2.35963e-23        2.00646e-23        1.39586e-15        2.06717e-15        1.75778e-15
3000.0000     1.8055      201.7012     0.9500      1.59334e-23            2.35963e-23        2.00646e-23        1.99619e-15        2.95621e-15        2.51375e-15
4000.0000     1.8675      201.7012     0.9500      1.59334e-23            2.35963e-23        2.00646e-23        3.43093e-15        5.08096e-15        4.32049e-15
5000.0000     1.9621      201.7012     0.9500      1.59334e-23            2.35963e-23        2.00646e-23        5.10223e-15        7.55604e-15        6.42511e-15
6000.0000     2.0338      201.7012     0.9500      1.59334e-23            2.35963e-23        2.00646e-23        7.08834e-15        1.04973e-14        8.92617e-15
7000.0000     2.1103      201.7012     0.9500      1.59334e-23            2.35963e-23        2.00646e-23        9.29817e-15        1.37699e-14        1.1709e-14
8000.0000     2.1733      201.7012     0.9500      1.59334e-23            2.35963e-23        2.00646e-23        1.17928e-14        1.74643e-14        1.48504e-14
9000.0000     2.2378      201.7012     0.9500      1.59334e-23            2.35963e-23        2.00646e-23        1.44946e-14        2.14654e-14        1.82526e-14
10000.0000     2.3500      201.7012     0.9500      1.59334e-23            2.35963e-23        2.00646e-23        1.70405e-14        2.52357e-14        2.14587e-14
12000.0000     2.4084      201.7012     0.9500      1.59334e-23            2.35963e-23        2.00646e-23        2.39437e-14        3.54589e-14        3.01517e-14
15000.0000     2.5455      201.7012     0.9500      1.59334e-23            2.35963e-23        2.00646e-23        3.53965e-14        5.24196e-14        4.45739e-14
20000.0000     2.7199      201.7012     0.9500      1.59334e-23            2.35963e-23        2.00646e-23        5.88924e-14        8.72154e-14        7.41617e-14
30000.0000     2.9704      201.7012     0.9500      1.59334e-23            2.35963e-23        2.00646e-23        1.21332e-13        1.79684e-13        1.5279e-13
50000.0000     3.2676      201.7012     0.9500      1.59334e-23            2.35963e-23        2.00646e-23        3.06383e-13        4.53731e-13        3.8582e-13
100000.0000     3.5459      201.7012     0.9500      1.59334e-23            2.35963e-23        2.00646e-23        1.12933e-12        1.67245e-12        1.42213e-12
