Mass(Gev)   Energy       Nbound      Beta       Phi(cm^3 s^-1 GeV^-2)   +dPhi             -dPhi            cs(cm^3 s^-1)        +dcs             -dcs
5.0000     0.4106      445.9312     0.9500      3.19707e-23            1.99611e-22        2.98845e-23        4.89181e-20        3.05422e-19        4.57259e-20
6.0000     0.5772      445.9312     0.9500      3.19707e-23            1.99611e-22        2.98845e-23        5.01128e-20        3.12882e-19        4.68428e-20
8.0000     0.8456      445.9312     0.9500      3.19707e-23            1.99611e-22        2.98845e-23        6.08163e-20        3.7971e-19        5.68478e-20
10.0000     1.0265      445.9312     0.9500      3.19707e-23            1.99611e-22        2.98845e-23        7.82749e-20        4.88713e-19        7.31671e-20
15.0000     1.2878      445.9312     0.9500      3.19707e-23            1.99611e-22        2.98845e-23        1.40384e-19        8.76498e-19        1.31224e-19
20.0000     1.5234      445.9312     0.9500      3.19707e-23            1.99611e-22        2.98845e-23        2.10984e-19        1.31729e-18        1.97216e-19
25.0000     1.5983      445.9312     0.9500      3.19707e-23            1.99611e-22        2.98845e-23        3.14203e-19        1.96174e-18        2.937e-19
30.0000     1.7309      445.9312     0.9500      3.19707e-23            1.99611e-22        2.98845e-23        4.17787e-19        2.60847e-18        3.90524e-19
40.0000     1.9027      445.9312     0.9500      3.19707e-23            1.99611e-22        2.98845e-23        6.75696e-19        4.21874e-18        6.31604e-19
50.0000     1.9585      445.9312     0.9500      3.19707e-23            1.99611e-22        2.98845e-23        1.0257e-18        6.404e-18        9.58767e-19
60.0000     2.0509      445.9312     0.9500      3.19707e-23            1.99611e-22        2.98845e-23        1.41044e-18        8.80615e-18        1.3184e-18
70.0000     2.0953      445.9312     0.9500      3.19707e-23            1.99611e-22        2.98845e-23        1.8791e-18        1.17322e-17        1.75648e-18
80.0000     2.1677      445.9312     0.9500      3.19707e-23            1.99611e-22        2.98845e-23        2.37227e-18        1.48114e-17        2.21747e-18
90.0000     2.2023      445.9312     0.9500      3.19707e-23            1.99611e-22        2.98845e-23        2.95528e-18        1.84514e-17        2.76243e-18
100.0000     2.2332      445.9312     0.9500      3.19707e-23            1.99611e-22        2.98845e-23        3.59807e-18        2.24648e-17        3.36329e-18
110.0000     2.2340      445.9312     0.9500      3.19707e-23            1.99611e-22        2.98845e-23        4.35203e-18        2.71721e-17        4.06804e-18
120.0000     2.2570      445.9312     0.9500      3.19707e-23            1.99611e-22        2.98845e-23        5.12647e-18        3.20074e-17        4.79195e-18
130.0000     2.2784      445.9312     0.9500      3.19707e-23            1.99611e-22        2.98845e-23        5.96012e-18        3.72123e-17        5.57119e-18
140.0000     2.2834      445.9312     0.9500      3.19707e-23            1.99611e-22        2.98845e-23        6.89701e-18        4.30619e-17        6.44695e-18
150.0000     2.2998      445.9312     0.9500      3.19707e-23            1.99611e-22        2.98845e-23        7.86103e-18        4.90808e-17        7.34807e-18
160.0000     2.3056      445.9312     0.9500      3.19707e-23            1.99611e-22        2.98845e-23        8.9219e-18        5.57043e-17        8.33971e-18
180.0000     2.3131      445.9312     0.9500      3.19707e-23            1.99611e-22        2.98845e-23        1.12547e-17        7.02693e-17        1.05203e-17
200.0000     2.3119      445.9312     0.9500      3.19707e-23            1.99611e-22        2.98845e-23        1.39023e-17        8.67998e-17        1.29951e-17
220.0000     2.3214      445.9312     0.9500      3.19707e-23            1.99611e-22        2.98845e-23        1.67527e-17        1.04596e-16        1.56595e-17
240.0000     2.3113      445.9312     0.9500      3.19707e-23            1.99611e-22        2.98845e-23        2.00246e-17        1.25025e-16        1.87179e-17
260.0000     2.2903      445.9312     0.9500      3.19707e-23            1.99611e-22        2.98845e-23        2.37164e-17        1.48075e-16        2.21688e-17
280.0000     2.3002      445.9312     0.9500      3.19707e-23            1.99611e-22        2.98845e-23        2.73872e-17        1.70993e-16        2.56e-17
300.0000     2.2733      445.9312     0.9500      3.19707e-23            1.99611e-22        2.98845e-23        3.18111e-17        1.98614e-16        2.97353e-17
330.0000     2.2424      445.9312     0.9500      3.19707e-23            1.99611e-22        2.98845e-23        3.90211e-17        2.4363e-16        3.64748e-17
360.0000     2.2052      445.9312     0.9500      3.19707e-23            1.99611e-22        2.98845e-23        4.72233e-17        2.94841e-16        4.41418e-17
400.0000     2.1674      445.9312     0.9500      3.19707e-23            1.99611e-22        2.98845e-23        5.93166e-17        3.70346e-16        5.5446e-17
450.0000     2.1255      445.9312     0.9500      3.19707e-23            1.99611e-22        2.98845e-23        7.65527e-17        4.77961e-16        7.15573e-17
500.0000     2.1445      445.9312     0.9500      3.19707e-23            1.99611e-22        2.98845e-23        9.36695e-17        5.84831e-16        8.75572e-17
550.0000     2.0992      445.9312     0.9500      3.19707e-23            1.99611e-22        2.98845e-23        1.15787e-16        7.22922e-16        1.08231e-16
600.0000     2.0500      445.9312     0.9500      3.19707e-23            1.99611e-22        2.98845e-23        1.41106e-16        8.81e-16        1.31898e-16
650.0000     1.9984      445.9312     0.9500      3.19707e-23            1.99611e-22        2.98845e-23        1.69875e-16        1.06062e-15        1.5879e-16
700.0000     2.0148      445.9312     0.9500      3.19707e-23            1.99611e-22        2.98845e-23        1.9541e-16        1.22005e-15        1.82659e-16
750.0000     1.9629      445.9312     0.9500      3.19707e-23            1.99611e-22        2.98845e-23        2.30256e-16        1.43762e-15        2.15231e-16
800.0000     1.9106      445.9312     0.9500      3.19707e-23            1.99611e-22        2.98845e-23        2.69159e-16        1.68051e-15        2.51595e-16
900.0000     1.8739      445.9312     0.9500      3.19707e-23            1.99611e-22        2.98845e-23        3.47314e-16        2.16847e-15        3.2465e-16
1000.0000     1.9280      445.9312     0.9500      3.19707e-23            1.99611e-22        2.98845e-23        4.16752e-16        2.60201e-15        3.89557e-16
1100.0000     1.8636      445.9312     0.9500      3.19707e-23            1.99611e-22        2.98845e-23        5.21695e-16        3.25723e-15        4.87652e-16
1200.0000     1.8281      445.9312     0.9500      3.19707e-23            1.99611e-22        2.98845e-23        6.32913e-16        3.95162e-15        5.91613e-16
1300.0000     1.7945      445.9312     0.9500      3.19707e-23            1.99611e-22        2.98845e-23        7.56729e-16        4.72468e-15        7.07349e-16
1500.0000     1.7857      445.9312     0.9500      3.19707e-23            1.99611e-22        2.98845e-23        1.01243e-15        6.32118e-15        9.46367e-16
1700.0000     1.7763      445.9312     0.9500      3.19707e-23            1.99611e-22        2.98845e-23        1.30726e-15        8.16196e-15        1.22196e-15
2000.0000     1.7452      445.9312     0.9500      3.19707e-23            1.99611e-22        2.98845e-23        1.84162e-15        1.14983e-14        1.72145e-15
2500.0000     1.7930      445.9312     0.9500      3.19707e-23            1.99611e-22        2.98845e-23        2.80083e-15        1.74871e-14        2.61806e-15
3000.0000     1.8055      445.9312     0.9500      3.19707e-23            1.99611e-22        2.98845e-23        4.00538e-15        2.50078e-14        3.74401e-15
4000.0000     1.8675      445.9312     0.9500      3.19707e-23            1.99611e-22        2.98845e-23        6.88422e-15        4.2982e-14        6.435e-15
5000.0000     1.9621      445.9312     0.9500      3.19707e-23            1.99611e-22        2.98845e-23        1.02377e-14        6.39197e-14        9.56966e-15
6000.0000     2.0338      445.9312     0.9500      3.19707e-23            1.99611e-22        2.98845e-23        1.42229e-14        8.88013e-14        1.32948e-14
7000.0000     2.1103      445.9312     0.9500      3.19707e-23            1.99611e-22        2.98845e-23        1.86569e-14        1.16486e-13        1.74395e-14
8000.0000     2.1733      445.9312     0.9500      3.19707e-23            1.99611e-22        2.98845e-23        2.36624e-14        1.47738e-13        2.21183e-14
9000.0000     2.2378      445.9312     0.9500      3.19707e-23            1.99611e-22        2.98845e-23        2.90836e-14        1.81585e-13        2.71858e-14
10000.0000     2.3500      445.9312     0.9500      3.19707e-23            1.99611e-22        2.98845e-23        3.41921e-14        2.1348e-13        3.19609e-14
12000.0000     2.4084      445.9312     0.9500      3.19707e-23            1.99611e-22        2.98845e-23        4.80434e-14        2.99962e-13        4.49084e-14
15000.0000     2.5455      445.9312     0.9500      3.19707e-23            1.99611e-22        2.98845e-23        7.10236e-14        4.4344e-13        6.6389e-14
20000.0000     2.7199      445.9312     0.9500      3.19707e-23            1.99611e-22        2.98845e-23        1.18169e-13        7.37792e-13        1.10458e-13
30000.0000     2.9704      445.9312     0.9500      3.19707e-23            1.99611e-22        2.98845e-23        2.43455e-13        1.52002e-12        2.27568e-13
50000.0000     3.2676      445.9312     0.9500      3.19707e-23            1.99611e-22        2.98845e-23        6.14762e-13        3.8383e-12        5.74647e-13
100000.0000     3.5459      445.9312     0.9500      3.19707e-23            1.99611e-22        2.98845e-23        2.26601e-12        1.4148e-11        2.11815e-12
