   0.59186232E-02  0.20168080E-08  0.20000000E+05  0.10222761E+04
   0.60009459E-02  0.89437647E-08  0.19725317E+05  0.10364950E+04
   0.60842199E-02  0.14221231E-07  0.19454406E+05  0.10508783E+04
   0.61684557E-02  0.16095741E-07  0.19187217E+05  0.10654276E+04
   0.62536638E-02  0.18471182E-07  0.18923696E+05  0.10801449E+04
   0.63398551E-02  0.20553322E-07  0.18663795E+05  0.10950321E+04
   0.64270404E-02  0.22474879E-07  0.18407464E+05  0.11100909E+04
   0.65152307E-02  0.24356824E-07  0.18154653E+05  0.11253233E+04
   0.66044371E-02  0.26163478E-07  0.17905314E+05  0.11407312E+04
   0.66946708E-02  0.27942666E-07  0.17659400E+05  0.11563165E+04
   0.67859430E-02  0.29693926E-07  0.17416863E+05  0.11720812E+04
   0.68782653E-02  0.31431811E-07  0.17177657E+05  0.11880273E+04
   0.69716493E-02  0.33161817E-07  0.16941737E+05  0.12041568E+04
   0.70661064E-02  0.34890660E-07  0.16709056E+05  0.12204716E+04
   0.71616486E-02  0.36623039E-07  0.16479571E+05  0.12369738E+04
   0.72582878E-02  0.38363232E-07  0.16253238E+05  0.12536655E+04
   0.73560360E-02  0.40114820E-07  0.16030014E+05  0.12705488E+04
   0.74549053E-02  0.41880905E-07  0.15809855E+05  0.12876257E+04
   0.75549080E-02  0.43664383E-07  0.15592720E+05  0.13048984E+04
   0.76560566E-02  0.45467869E-07  0.15378567E+05  0.13223689E+04
   0.77583635E-02  0.47293628E-07  0.15167356E+05  0.13400396E+04
   0.78618415E-02  0.49143874E-07  0.14959045E+05  0.13579125E+04
   0.79665032E-02  0.51020635E-07  0.14753595E+05  0.13759899E+04
   0.80723617E-02  0.52925840E-07  0.14550967E+05  0.13942740E+04
   0.81794299E-02  0.54861349E-07  0.14351122E+05  0.14127670E+04
   0.82877211E-02  0.56828910E-07  0.14154021E+05  0.14314713E+04
   0.83972484E-02  0.58830295E-07  0.13959628E+05  0.14503890E+04
   0.85080255E-02  0.60867103E-07  0.13767904E+05  0.14695227E+04
   0.86200658E-02  0.62941099E-07  0.13578814E+05  0.14888745E+04
   0.87333831E-02  0.65053870E-07  0.13392320E+05  0.15084469E+04
   0.88479912E-02  0.67206854E-07  0.13208388E+05  0.15282422E+04
   0.89639041E-02  0.69401779E-07  0.13026982E+05  0.15482629E+04
   0.90811360E-02  0.71640300E-07  0.12848067E+05  0.15685114E+04
   0.91997011E-02  0.73923919E-07  0.12671610E+05  0.15889902E+04
   0.93196137E-02  0.76254249E-07  0.12497576E+05  0.16097018E+04
   0.94408886E-02  0.78632898E-07  0.12325933E+05  0.16306486E+04
   0.95635403E-02  0.81061475E-07  0.12156646E+05  0.16518332E+04
   0.96875837E-02  0.83541622E-07  0.11989685E+05  0.16732583E+04
   0.98130339E-02  0.86074989E-07  0.11825017E+05  0.16949262E+04
   0.99399059E-02  0.88663236E-07  0.11662610E+05  0.17168398E+04
   0.10068215E-01  0.91307990E-07  0.11502434E+05  0.17390016E+04
   0.10197977E-01  0.94011049E-07  0.11344458E+05  0.17614143E+04
   0.10329206E-01  0.96774274E-07  0.11188651E+05  0.17840806E+04
   0.10461920E-01  0.99599133E-07  0.11034985E+05  0.18070031E+04
   0.10596134E-01  0.10248753E-06  0.10883429E+05  0.18301848E+04
   0.10731863E-01  0.10544154E-06  0.10733954E+05  0.18536282E+04
   0.10869124E-01  0.10846284E-06  0.10586532E+05  0.18773363E+04
   0.11007934E-01  0.11155336E-06  0.10441135E+05  0.19013118E+04
   0.11148309E-01  0.11471509E-06  0.10297735E+05  0.19255576E+04
   0.11290266E-01  0.11795000E-06  0.10156304E+05  0.19500766E+04
   0.11433821E-01  0.12126012E-06  0.10016816E+05  0.19748717E+04
   0.11578991E-01  0.12464754E-06  0.98792435E+04  0.19999458E+04
   0.11725794E-01  0.12811447E-06  0.97435604E+04  0.20253019E+04
   0.11874247E-01  0.13166294E-06  0.96097409E+04  0.20509430E+04
   0.12024368E-01  0.13529530E-06  0.94777592E+04  0.20768722E+04
   0.12176174E-01  0.13901394E-06  0.93475902E+04  0.21030924E+04
   0.12329683E-01  0.14282083E-06  0.92192090E+04  0.21296068E+04
   0.12484913E-01  0.14671857E-06  0.90925909E+04  0.21564184E+04
   0.12641882E-01  0.15070954E-06  0.89677119E+04  0.21835304E+04
   0.12800609E-01  0.15479640E-06  0.88445480E+04  0.22109461E+04
   0.12961113E-01  0.15898165E-06  0.87230756E+04  0.22386685E+04
   0.13123411E-01  0.16326793E-06  0.86032715E+04  0.22667009E+04
   0.13287522E-01  0.16765791E-06  0.84851129E+04  0.22950466E+04
   0.13453467E-01  0.17215430E-06  0.83685770E+04  0.23237089E+04
   0.13621264E-01  0.17676000E-06  0.82536417E+04  0.23526911E+04
   0.13790932E-01  0.18147787E-06  0.81402849E+04  0.23819966E+04
   0.13962492E-01  0.18631084E-06  0.80284850E+04  0.24116286E+04
   0.14135962E-01  0.19126211E-06  0.79182205E+04  0.24415908E+04
   0.14311364E-01  0.19633492E-06  0.78094705E+04  0.24718865E+04
   0.14488716E-01  0.20153204E-06  0.77022140E+04  0.25025191E+04
   0.14668040E-01  0.20685688E-06  0.75964306E+04  0.25334923E+04
   0.14849356E-01  0.21231309E-06  0.74921001E+04  0.25648096E+04
   0.15032685E-01  0.21790390E-06  0.73892024E+04  0.25964745E+04
   0.15218047E-01  0.22363304E-06  0.72877180E+04  0.26284907E+04
   0.15405465E-01  0.22950401E-06  0.71876273E+04  0.26608617E+04
   0.15594958E-01  0.23552056E-06  0.70889113E+04  0.26935914E+04
   0.15786550E-01  0.24168666E-06  0.69915511E+04  0.27266835E+04
   0.15980260E-01  0.24800602E-06  0.68955281E+04  0.27601415E+04
   0.16176112E-01  0.25448275E-06  0.68008239E+04  0.27939695E+04
   0.16374128E-01  0.26112110E-06  0.67074203E+04  0.28281711E+04
   0.16574329E-01  0.26792516E-06  0.66152996E+04  0.28627502E+04
   0.16776738E-01  0.27489968E-06  0.65244440E+04  0.28977108E+04
   0.16981379E-01  0.28204854E-06  0.64348363E+04  0.29330567E+04
   0.17188273E-01  0.28937641E-06  0.63464593E+04  0.29687919E+04
   0.17397445E-01  0.29688846E-06  0.62592960E+04  0.30049204E+04
   0.17608917E-01  0.30458921E-06  0.61733299E+04  0.30414463E+04
   0.17822713E-01  0.31248379E-06  0.60885444E+04  0.30783735E+04
   0.18038857E-01  0.32057716E-06  0.60049234E+04  0.31157063E+04
   0.18257372E-01  0.32887451E-06  0.59224509E+04  0.31534488E+04
   0.18478284E-01  0.33738128E-06  0.58411110E+04  0.31916051E+04
   0.18701616E-01  0.34610296E-06  0.57608883E+04  0.32301794E+04
   0.18927393E-01  0.35504532E-06  0.56817674E+04  0.32691761E+04
   0.19155640E-01  0.36421413E-06  0.56037331E+04  0.33085993E+04
   0.19386382E-01  0.37361511E-06  0.55267706E+04  0.33484535E+04
   0.19619644E-01  0.38325516E-06  0.54508651E+04  0.33887430E+04
   0.19855452E-01  0.39313942E-06  0.53760020E+04  0.34294722E+04
   0.20093832E-01  0.40327479E-06  0.53021672E+04  0.34706456E+04
   0.20334809E-01  0.41366789E-06  0.52293464E+04  0.35122676E+04
   0.20578409E-01  0.42432596E-06  0.51575258E+04  0.35543427E+04
   0.20824660E-01  0.43525553E-06  0.50866915E+04  0.35968756E+04
   0.21073587E-01  0.44646400E-06  0.50168301E+04  0.36398709E+04
   0.21325218E-01  0.45795848E-06  0.49479282E+04  0.36833331E+04
   0.21579580E-01  0.46974693E-06  0.48799726E+04  0.37272670E+04
   0.21836700E-01  0.48183661E-06  0.48129503E+04  0.37716772E+04
   0.22096606E-01  0.49423582E-06  0.47468485E+04  0.38165686E+04
   0.22359325E-01  0.50695250E-06  0.46816546E+04  0.38619460E+04
   0.22624885E-01  0.51999534E-06  0.46173560E+04  0.39078141E+04
   0.22893316E-01  0.53337346E-06  0.45539405E+04  0.39541779E+04
   0.23164645E-01  0.54709411E-06  0.44913960E+04  0.40010423E+04
   0.23438900E-01  0.56116729E-06  0.44297105E+04  0.40484124E+04
   0.23716113E-01  0.57560289E-06  0.43688721E+04  0.40962929E+04
   0.23996310E-01  0.59041022E-06  0.43088694E+04  0.41446892E+04
   0.24279522E-01  0.60559876E-06  0.42496907E+04  0.41936062E+04
   0.24565779E-01  0.62117872E-06  0.41913248E+04  0.42430490E+04
   0.24855111E-01  0.63716090E-06  0.41337605E+04  0.42930230E+04
   0.25147547E-01  0.65355568E-06  0.40769868E+04  0.43435332E+04
   0.25443119E-01  0.67037392E-06  0.40209928E+04  0.43945849E+04
   0.25741857E-01  0.68762733E-06  0.39657679E+04  0.44461835E+04
   0.26043793E-01  0.70532671E-06  0.39113014E+04  0.44983344E+04
   0.26348956E-01  0.72348499E-06  0.38575830E+04  0.45510428E+04
   0.26657379E-01  0.74211409E-06  0.38046024E+04  0.46043143E+04
   0.26969094E-01  0.76122557E-06  0.37523494E+04  0.46581543E+04
   0.27284133E-01  0.78083278E-06  0.37008140E+04  0.47125684E+04
   0.27602528E-01  0.80094960E-06  0.36499865E+04  0.47675621E+04
   0.27924311E-01  0.82158936E-06  0.35998570E+04  0.48231411E+04
   0.28249515E-01  0.84276636E-06  0.35504160E+04  0.48793110E+04
   0.28578174E-01  0.86449411E-06  0.35016541E+04  0.49360776E+04
   0.28910320E-01  0.88678757E-06  0.34535618E+04  0.49934465E+04
   0.29245987E-01  0.90966224E-06  0.34061301E+04  0.50514236E+04
   0.29585209E-01  0.93313348E-06  0.33593497E+04  0.51100147E+04
   0.29928021E-01  0.95721745E-06  0.33132119E+04  0.51692258E+04
   0.30274456E-01  0.98193046E-06  0.32677078E+04  0.52290627E+04
   0.30624549E-01  0.10072900E-05  0.32228286E+04  0.52895315E+04
   0.30978335E-01  0.10333125E-05  0.31785657E+04  0.53506381E+04
   0.31335849E-01  0.10600146E-05  0.31349108E+04  0.54123886E+04
   0.31697127E-01  0.10874171E-05  0.30918555E+04  0.54747892E+04
   0.32062204E-01  0.11155378E-05  0.30493915E+04  0.55378461E+04
   0.32431117E-01  0.11443966E-05  0.30075106E+04  0.56015654E+04
   0.32803901E-01  0.11740119E-05  0.29662050E+04  0.56659534E+04
   0.33180593E-01  0.12044054E-05  0.29254667E+04  0.57310164E+04
   0.33561230E-01  0.12355978E-05  0.28852879E+04  0.57967607E+04
   0.33945849E-01  0.12676097E-05  0.28456609E+04  0.58631929E+04
   0.34334487E-01  0.13004652E-05  0.28065782E+04  0.59303193E+04
   0.34727183E-01  0.13341851E-05  0.27680322E+04  0.59981464E+04
   0.35123973E-01  0.13687940E-05  0.27300156E+04  0.60666807E+04
   0.35524896E-01  0.14043165E-05  0.26925212E+04  0.61359289E+04
   0.35929991E-01  0.14407753E-05  0.26555417E+04  0.62058976E+04
   0.36339295E-01  0.14781958E-05  0.26190700E+04  0.62765936E+04
   0.36752849E-01  0.15166062E-05  0.25830993E+04  0.63480234E+04
   0.37170691E-01  0.15560316E-05  0.25476226E+04  0.64201939E+04
   0.37592862E-01  0.15965004E-05  0.25126332E+04  0.64931120E+04
   0.38019400E-01  0.16380415E-05  0.24781243E+04  0.65667845E+04
   0.38450346E-01  0.16806819E-05  0.24440894E+04  0.66412184E+04
   0.38885741E-01  0.17244541E-05  0.24105219E+04  0.67164206E+04
   0.39325625E-01  0.17693867E-05  0.23774154E+04  0.67923981E+04
   0.39770038E-01  0.18155123E-05  0.23447636E+04  0.68691581E+04
   0.40219023E-01  0.18628635E-05  0.23125603E+04  0.69467077E+04
   0.40672621E-01  0.19114738E-05  0.22807992E+04  0.70250540E+04
   0.41130873E-01  0.19613781E-05  0.22494744E+04  0.71042042E+04
   0.41593822E-01  0.20126085E-05  0.22185797E+04  0.71841656E+04
   0.42061510E-01  0.20652034E-05  0.21881094E+04  0.72649456E+04
   0.42533979E-01  0.21192021E-05  0.21580576E+04  0.73465514E+04
   0.43011274E-01  0.21746394E-05  0.21284185E+04  0.74289906E+04
   0.43493436E-01  0.22315572E-05  0.20991865E+04  0.75122705E+04
   0.43980509E-01  0.22899957E-05  0.20703559E+04  0.75963988E+04
   0.44472537E-01  0.23499956E-05  0.20419213E+04  0.76813829E+04
   0.44969564E-01  0.24115991E-05  0.20138773E+04  0.77672304E+04
   0.45471635E-01  0.24748520E-05  0.19862184E+04  0.78539490E+04
   0.45978794E-01  0.25397986E-05  0.19589393E+04  0.79415465E+04
   0.46491086E-01  0.26064873E-05  0.19320350E+04  0.80300305E+04
   0.47008555E-01  0.26749652E-05  0.19055001E+04  0.81194089E+04
   0.47531249E-01  0.27452774E-05  0.18793297E+04  0.82096894E+04
   0.48059211E-01  0.28174769E-05  0.18535187E+04  0.83008801E+04
   0.48592488E-01  0.28916179E-05  0.18280621E+04  0.83929888E+04
   0.49131127E-01  0.29677518E-05  0.18029553E+04  0.84860236E+04
   0.49675174E-01  0.30459349E-05  0.17781932E+04  0.85799924E+04
   0.50224676E-01  0.31262254E-05  0.17537712E+04  0.86749035E+04
   0.50779680E-01  0.32086758E-05  0.17296847E+04  0.87707648E+04
   0.51340233E-01  0.32933499E-05  0.17059289E+04  0.88675846E+04
   0.51906383E-01  0.33803071E-05  0.16824994E+04  0.89653711E+04
   0.52478177E-01  0.34696133E-05  0.16593917E+04  0.90641325E+04
   0.53055665E-01  0.35613336E-05  0.16366014E+04  0.91638773E+04
   0.53638894E-01  0.36555331E-05  0.16141240E+04  0.92646137E+04
   0.54227913E-01  0.37522815E-05  0.15919554E+04  0.93663502E+04
   0.54822771E-01  0.38516439E-05  0.15700912E+04  0.94690953E+04
   0.55423517E-01  0.39536999E-05  0.15485274E+04  0.95728573E+04
   0.56030201E-01  0.40585227E-05  0.15272597E+04  0.96776450E+04
   0.56642873E-01  0.41661869E-05  0.15062840E+04  0.97834668E+04
   0.57261582E-01  0.42767750E-05  0.14855965E+04  0.98903314E+04
   0.57886379E-01  0.43903684E-05  0.14651931E+04  0.99982476E+04
   0.58517314E-01  0.45070483E-05  0.14450699E+04  0.10107224E+05
   0.59154438E-01  0.46269004E-05  0.14252231E+04  0.10217269E+05
   0.59797803E-01  0.47500150E-05  0.14056489E+04  0.10328392E+05
   0.60447459E-01  0.48764841E-05  0.13863435E+04  0.10440602E+05
   0.61103457E-01  0.50064002E-05  0.13673032E+04  0.10553908E+05
   0.61765851E-01  0.51398599E-05  0.13485244E+04  0.10668318E+05
   0.62434691E-01  0.52769583E-05  0.13300036E+04  0.10783841E+05
   0.63110030E-01  0.54177964E-05  0.13117371E+04  0.10900487E+05
   0.63791920E-01  0.55624888E-05  0.12937215E+04  0.11018264E+05
   0.64480414E-01  0.57111386E-05  0.12759534E+04  0.11137182E+05
   0.65175566E-01  0.58638527E-05  0.12584292E+04  0.11257250E+05
   0.65877427E-01  0.60207511E-05  0.12411458E+04  0.11378477E+05
   0.66586053E-01  0.61819468E-05  0.12240997E+04  0.11500872E+05
   0.67301495E-01  0.63475631E-05  0.12072877E+04  0.11624445E+05
   0.68023809E-01  0.65177252E-05  0.11907066E+04  0.11749204E+05
   0.68753048E-01  0.66925580E-05  0.11743533E+04  0.11875160E+05
   0.69489266E-01  0.68721953E-05  0.11582245E+04  0.12002321E+05
   0.70232517E-01  0.70567770E-05  0.11423173E+04  0.12130697E+05
   0.70982858E-01  0.72464299E-05  0.11266285E+04  0.12260297E+05
   0.71740341E-01  0.74413015E-05  0.11111552E+04  0.12391131E+05
   0.72505024E-01  0.76415415E-05  0.10958945E+04  0.12523208E+05
   0.73276959E-01  0.78473077E-05  0.10808433E+04  0.12656539E+05
   0.74056204E-01  0.80587490E-05  0.10659988E+04  0.12791131E+05
   0.74842814E-01  0.82760262E-05  0.10513582E+04  0.12926996E+05
   0.75636845E-01  0.84993069E-05  0.10369187E+04  0.13064143E+05
   0.76438352E-01  0.87287601E-05  0.10226775E+04  0.13202580E+05
   0.77247392E-01  0.89645600E-05  0.10086319E+04  0.13342319E+05
   0.78064021E-01  0.92068887E-05  0.99477919E+03  0.13483369E+05
   0.78888296E-01  0.94559251E-05  0.98111674E+03  0.13625739E+05
   0.79720273E-01  0.97118713E-05  0.96764193E+03  0.13769440E+05
   0.80560009E-01  0.99749229E-05  0.95435219E+03  0.13914481E+05
   0.81407561E-01  0.10245262E-04  0.94124497E+03  0.14060872E+05
   0.82262986E-01  0.10523108E-04  0.92831777E+03  0.14208623E+05
   0.83126342E-01  0.10808684E-04  0.91556811E+03  0.14357743E+05
   0.83997685E-01  0.11102204E-04  0.90299355E+03  0.14508243E+05
   0.84877074E-01  0.11403892E-04  0.89059170E+03  0.14660133E+05
   0.85764565E-01  0.11713980E-04  0.87836018E+03  0.14813422E+05
   0.86660217E-01  0.12032715E-04  0.86629664E+03  0.14968121E+05
   0.87564087E-01  0.12360337E-04  0.85439879E+03  0.15124239E+05
   0.88476233E-01  0.12697101E-04  0.84266435E+03  0.15281787E+05
   0.89396714E-01  0.13043269E-04  0.83109107E+03  0.15440774E+05
   0.90325587E-01  0.13399116E-04  0.81967673E+03  0.15601211E+05
   0.91262910E-01  0.13764920E-04  0.80841917E+03  0.15763107E+05
   0.92208742E-01  0.14140946E-04  0.79731621E+03  0.15926473E+05
   0.93163141E-01  0.14527501E-04  0.78636575E+03  0.16091318E+05
   0.94126166E-01  0.14924897E-04  0.77556568E+03  0.16257654E+05
   0.95097874E-01  0.15333432E-04  0.76491394E+03  0.16425489E+05
   0.96078325E-01  0.15753429E-04  0.75440850E+03  0.16594835E+05
   0.97067576E-01  0.16185228E-04  0.74404734E+03  0.16765700E+05
   0.98065687E-01  0.16629152E-04  0.73382848E+03  0.16938096E+05
   0.99072715E-01  0.17085554E-04  0.72374996E+03  0.17112032E+05
   0.10008872E+00  0.17554810E-04  0.71380987E+03  0.17287518E+05
   0.10111376E+00  0.18037257E-04  0.70400629E+03  0.17464565E+05
   0.10214789E+00  0.18533310E-04  0.69433736E+03  0.17643182E+05
   0.10319118E+00  0.19043359E-04  0.68480123E+03  0.17823381E+05
   0.10424367E+00  0.19567784E-04  0.67539606E+03  0.18005170E+05
   0.10530544E+00  0.20106997E-04  0.66612007E+03  0.18188560E+05
   0.10637653E+00  0.20661453E-04  0.65697147E+03  0.18373561E+05
   0.10745701E+00  0.21231584E-04  0.64794853E+03  0.18560183E+05
   0.10854693E+00  0.21817844E-04  0.63904950E+03  0.18748437E+05
   0.10964636E+00  0.22420699E-04  0.63027270E+03  0.18938331E+05
   0.11075534E+00  0.23040630E-04  0.62161643E+03  0.19129877E+05
   0.11187394E+00  0.23678123E-04  0.61307906E+03  0.19323085E+05
   0.11300222E+00  0.24333708E-04  0.60465894E+03  0.19517963E+05
   0.11414024E+00  0.25007886E-04  0.59635446E+03  0.19714523E+05
   0.11528804E+00  0.25701220E-04  0.58816403E+03  0.19912775E+05
   0.11644570E+00  0.26414265E-04  0.58008610E+03  0.20112727E+05
   0.11761326E+00  0.27147575E-04  0.57211911E+03  0.20314391E+05
   0.11879079E+00  0.27901734E-04  0.56426154E+03  0.20517776E+05
   0.11997834E+00  0.28677365E-04  0.55651188E+03  0.20722891E+05
   0.12117597E+00  0.29475107E-04  0.54886866E+03  0.20929748E+05
   0.12238373E+00  0.30295595E-04  0.54133041E+03  0.21138355E+05
   0.12360168E+00  0.31139482E-04  0.53389570E+03  0.21348722E+05
   0.12482988E+00  0.32007463E-04  0.52656309E+03  0.21560860E+05
   0.12606839E+00  0.32900245E-04  0.51933119E+03  0.21774777E+05
   0.12731726E+00  0.33818536E-04  0.51219862E+03  0.21990483E+05
   0.12857654E+00  0.34763112E-04  0.50516401E+03  0.22207989E+05
   0.12984629E+00  0.35734696E-04  0.49822601E+03  0.22427303E+05
   0.13112657E+00  0.36734127E-04  0.49138329E+03  0.22648435E+05
   0.13241742E+00  0.37762214E-04  0.48463456E+03  0.22871394E+05
   0.13371892E+00  0.38819729E-04  0.47797851E+03  0.23096190E+05
   0.13503110E+00  0.39907586E-04  0.47141388E+03  0.23322833E+05
   0.13635402E+00  0.41026715E-04  0.46493941E+03  0.23551331E+05
   0.13768774E+00  0.42177975E-04  0.45855386E+03  0.23781694E+05
   0.13903231E+00  0.43362344E-04  0.45225601E+03  0.24013930E+05
   0.14038778E+00  0.44580761E-04  0.44604466E+03  0.24248050E+05
   0.14175420E+00  0.45834251E-04  0.43991861E+03  0.24484061E+05
   0.14313163E+00  0.47123855E-04  0.43387670E+03  0.24721974E+05
   0.14452012E+00  0.48450631E-04  0.42791777E+03  0.24961796E+05
   0.14591972E+00  0.49815654E-04  0.42204069E+03  0.25203537E+05
   0.14733047E+00  0.51220048E-04  0.41624431E+03  0.25447205E+05
   0.14875243E+00  0.52665043E-04  0.41052755E+03  0.25692809E+05
   0.15018565E+00  0.54151745E-04  0.40488930E+03  0.25940357E+05
   0.15163018E+00  0.55681372E-04  0.39932849E+03  0.26189859E+05
   0.15308606E+00  0.57255294E-04  0.39384405E+03  0.26441322E+05
   0.15455335E+00  0.58874750E-04  0.38843494E+03  0.26694754E+05
   0.15603209E+00  0.60541118E-04  0.38310011E+03  0.26950165E+05
   0.15752232E+00  0.62255776E-04  0.37783856E+03  0.27207561E+05
   0.15902410E+00  0.64020129E-04  0.37264926E+03  0.27466951E+05
   0.16053747E+00  0.65835642E-04  0.36753124E+03  0.27728343E+05
   0.16206247E+00  0.67703919E-04  0.36248351E+03  0.27991744E+05
   0.16359915E+00  0.69626411E-04  0.35750511E+03  0.28257163E+05
   0.16514755E+00  0.71604761E-04  0.35259508E+03  0.28524606E+05
   0.16670772E+00  0.73640692E-04  0.34775248E+03  0.28794081E+05
   0.16827970E+00  0.75735814E-04  0.34297639E+03  0.29065596E+05
   0.16986352E+00  0.77891889E-04  0.33826590E+03  0.29339157E+05
   0.17145924E+00  0.80110783E-04  0.33362011E+03  0.29614772E+05
   0.17306688E+00  0.82394336E-04  0.32903812E+03  0.29892447E+05
   0.17468649E+00  0.84744533E-04  0.32451906E+03  0.30172190E+05
   0.17631811E+00  0.87163258E-04  0.32006206E+03  0.30454007E+05
   0.17796178E+00  0.89652605E-04  0.31566628E+03  0.30737904E+05
   0.17961753E+00  0.92214630E-04  0.31133087E+03  0.31023888E+05
   0.18128539E+00  0.94851567E-04  0.30705501E+03  0.31311964E+05
   0.18296541E+00  0.97565542E-04  0.30283787E+03  0.31602140E+05
   0.18465761E+00  0.10035897E-03  0.29867864E+03  0.31894421E+05
   0.18636204E+00  0.10323416E-03  0.29457654E+03  0.32188813E+05
   0.18807872E+00  0.10619361E-03  0.29053079E+03  0.32485321E+05
   0.18980768E+00  0.10923967E-03  0.28654059E+03  0.32783950E+05
   0.19154895E+00  0.11237499E-03  0.28260520E+03  0.33084706E+05
   0.19330257E+00  0.11560233E-03  0.27872385E+03  0.33387594E+05
   0.19506856E+00  0.11892437E-03  0.27489582E+03  0.33692620E+05
   0.19684695E+00  0.12234398E-03  0.27112036E+03  0.33999786E+05
   0.19863776E+00  0.12586404E-03  0.26739675E+03  0.34309099E+05
   0.20044102E+00  0.12948753E-03  0.26372428E+03  0.34620562E+05
   0.20225676E+00  0.13321759E-03  0.26010225E+03  0.34934180E+05
   0.20408500E+00  0.13705740E-03  0.25652997E+03  0.35249956E+05
   0.20592575E+00  0.14101028E-03  0.25300674E+03  0.35567895E+05
   0.20777904E+00  0.14507946E-03  0.24953191E+03  0.35887999E+05
   0.20964489E+00  0.14926864E-03  0.24610480E+03  0.36210272E+05
   0.21152332E+00  0.15358130E-03  0.24272476E+03  0.36534718E+05
   0.21341434E+00  0.15802100E-03  0.23939114E+03  0.36861339E+05
   0.21531797E+00  0.16259167E-03  0.23610331E+03  0.37190138E+05
   0.21723422E+00  0.16729735E-03  0.23286063E+03  0.37521117E+05
   0.21916311E+00  0.17214195E-03  0.22966248E+03  0.37854278E+05
   0.22110465E+00  0.17712973E-03  0.22650826E+03  0.38189624E+05
   0.22305885E+00  0.18226488E-03  0.22339736E+03  0.38527157E+05
   0.22502571E+00  0.18755189E-03  0.22032919E+03  0.38866877E+05
   0.22700525E+00  0.19299534E-03  0.21730315E+03  0.39208787E+05
   0.22899747E+00  0.19859979E-03  0.21431868E+03  0.39552887E+05
   0.23100237E+00  0.20437025E-03  0.21137519E+03  0.39899178E+05
   0.23301997E+00  0.21031160E-03  0.20847213E+03  0.40247661E+05
   0.23505025E+00  0.21642902E-03  0.20560895E+03  0.40598335E+05
   0.23709323E+00  0.22272784E-03  0.20278508E+03  0.40951202E+05
   0.23914889E+00  0.22921332E-03  0.20000000E+03  0.41306260E+05
   0.24121724E+00  0.23589113E-03  0.19725317E+03  0.41663510E+05
   0.24329827E+00  0.24276735E-03  0.19454406E+03  0.42022950E+05
   0.24539198E+00  0.24984766E-03  0.19187217E+03  0.42384579E+05
   0.24749836E+00  0.25713815E-03  0.18923696E+03  0.42748397E+05
   0.24961740E+00  0.26464534E-03  0.18663795E+03  0.43114401E+05
   0.25174908E+00  0.27237569E-03  0.18407464E+03  0.43482590E+05
   0.25389340E+00  0.28033580E-03  0.18154653E+03  0.43852961E+05
   0.25605034E+00  0.28853273E-03  0.17905314E+03  0.44225512E+05
   0.25821989E+00  0.29697347E-03  0.17659400E+03  0.44600240E+05
   0.26040202E+00  0.30566551E-03  0.17416863E+03  0.44977142E+05
   0.26259672E+00  0.31461640E-03  0.17177657E+03  0.45356215E+05
   0.26480397E+00  0.32383413E-03  0.16941737E+03  0.45737454E+05
   0.26702373E+00  0.33332596E-03  0.16709056E+03  0.46120857E+05
   0.26925600E+00  0.34310075E-03  0.16479571E+03  0.46506418E+05
   0.27150074E+00  0.35316701E-03  0.16253238E+03  0.46894134E+05
   0.27375792E+00  0.36353362E-03  0.16030014E+03  0.47283998E+05
   0.27602751E+00  0.37420924E-03  0.15809855E+03  0.47676006E+05
   0.27830947E+00  0.38520348E-03  0.15592720E+03  0.48070152E+05
   0.28060379E+00  0.39652596E-03  0.15378567E+03  0.48466430E+05
   0.28291041E+00  0.40818638E-03  0.15167356E+03  0.48864835E+05
   0.28522930E+00  0.42019496E-03  0.14959045E+03  0.49265358E+05
   0.28756042E+00  0.43256236E-03  0.14753595E+03  0.49667993E+05
   0.28990372E+00  0.44529927E-03  0.14550967E+03  0.50072733E+05
   0.29225917E+00  0.45841672E-03  0.14351122E+03  0.50479571E+05
   0.29462671E+00  0.47192647E-03  0.14154021E+03  0.50888497E+05
   0.29700630E+00  0.48584041E-03  0.13959628E+03  0.51299505E+05
   0.29939789E+00  0.50016973E-03  0.13767904E+03  0.51712584E+05
   0.30180142E+00  0.51492782E-03  0.13578814E+03  0.52127726E+05
   0.30421683E+00  0.53012782E-03  0.13392320E+03  0.52544922E+05
   0.30664408E+00  0.54578260E-03  0.13208388E+03  0.52964161E+05
   0.30908311E+00  0.56190584E-03  0.13026982E+03  0.53385434E+05
   0.31153384E+00  0.57851178E-03  0.12848067E+03  0.53808729E+05
   0.31399622E+00  0.59561496E-03  0.12671610E+03  0.54234036E+05
   0.31647019E+00  0.61323045E-03  0.12497576E+03  0.54661344E+05
   0.31895566E+00  0.63137367E-03  0.12325933E+03  0.55090641E+05
   0.32145259E+00  0.65006004E-03  0.12156646E+03  0.55521914E+05
   0.32396088E+00  0.66930681E-03  0.11989685E+03  0.55955152E+05
   0.32648048E+00  0.68913027E-03  0.11825017E+03  0.56390341E+05
   0.32901129E+00  0.70954770E-03  0.11662610E+03  0.56827469E+05
   0.33155325E+00  0.73057735E-03  0.11502434E+03  0.57266521E+05
   0.33410627E+00  0.75223738E-03  0.11344458E+03  0.57707483E+05
   0.33667027E+00  0.77454660E-03  0.11188651E+03  0.58150342E+05
   0.33924516E+00  0.79752522E-03  0.11034985E+03  0.58595082E+05
   0.34183086E+00  0.82119296E-03  0.10883429E+03  0.59041689E+05
   0.34442727E+00  0.84557041E-03  0.10733954E+03  0.59490146E+05
   0.34703430E+00  0.87067922E-03  0.10586532E+03  0.59940437E+05
   0.34965186E+00  0.89654181E-03  0.10441135E+03  0.60392547E+05
   0.35227985E+00  0.92317985E-03  0.10297735E+03  0.60846459E+05
   0.35491817E+00  0.95061705E-03  0.10156304E+03  0.61302155E+05
   0.35756672E+00  0.97887764E-03  0.10016816E+03  0.61759617E+05
   0.36022539E+00  0.10079864E-02  0.98792435E+02  0.62218829E+05
   0.36289409E+00  0.10379686E-02  0.97435604E+02  0.62679770E+05
   0.36557269E+00  0.10688506E-02  0.96097409E+02  0.63142424E+05
   0.36826109E+00  0.11006595E-02  0.94777592E+02  0.63606770E+05
   0.37095918E+00  0.11334235E-02  0.93475902E+02  0.64072789E+05
   0.37366684E+00  0.11671705E-02  0.92192090E+02  0.64540461E+05
   0.37638395E+00  0.12019305E-02  0.90925909E+02  0.65009766E+05
   0.37911040E+00  0.12377340E-02  0.89677119E+02  0.65480683E+05
   0.38184605E+00  0.12746123E-02  0.88445480E+02  0.65953191E+05
   0.38459079E+00  0.13125972E-02  0.87230756E+02  0.66427268E+05
   0.38734449E+00  0.13517214E-02  0.86032715E+02  0.66902892E+05
   0.39010702E+00  0.13920217E-02  0.84851129E+02  0.67380041E+05
   0.39287825E+00  0.14335316E-02  0.83685770E+02  0.67858693E+05
   0.39565804E+00  0.14762871E-02  0.82536417E+02  0.68338824E+05
   0.39844626E+00  0.15203255E-02  0.81402849E+02  0.68820411E+05
   0.40124277E+00  0.15656860E-02  0.80284850E+02  0.69303429E+05
   0.40404743E+00  0.16124079E-02  0.79182205E+02  0.69787856E+05
   0.40686010E+00  0.16605318E-02  0.78094705E+02  0.70273665E+05
   0.40968062E+00  0.17100999E-02  0.77022140E+02  0.70760832E+05
   0.41250887E+00  0.17611555E-02  0.75964306E+02  0.71249332E+05
   0.41534468E+00  0.18137433E-02  0.74921001E+02  0.71739139E+05
   0.41818790E+00  0.18679096E-02  0.73892024E+02  0.72230226E+05
   0.42103839E+00  0.19237001E-02  0.72877180E+02  0.72722568E+05
   0.42389598E+00  0.19811644E-02  0.71876273E+02  0.73216137E+05
   0.42676053E+00  0.20403528E-02  0.70889113E+02  0.73710906E+05
   0.42963186E+00  0.21013154E-02  0.69915511E+02  0.74206847E+05
   0.43250981E+00  0.21641064E-02  0.68955281E+02  0.74703934E+05
   0.43539423E+00  0.22287820E-02  0.68008239E+02  0.75202136E+05
   0.43828495E+00  0.22953978E-02  0.67074203E+02  0.75701427E+05
   0.44118180E+00  0.23640099E-02  0.66152996E+02  0.76201776E+05
   0.44408461E+00  0.24346786E-02  0.65244440E+02  0.76703155E+05
   0.44699321E+00  0.25074662E-02  0.64348363E+02  0.77205534E+05
   0.44990742E+00  0.25824353E-02  0.63464593E+02  0.77708883E+05
   0.45282708E+00  0.26596515E-02  0.62592960E+02  0.78213171E+05
   0.45575200E+00  0.27391805E-02  0.61733299E+02  0.78718369E+05
   0.45868200E+00  0.28210937E-02  0.60885444E+02  0.79224444E+05
   0.46161691E+00  0.29054606E-02  0.60049234E+02  0.79731367E+05
   0.46455654E+00  0.29923540E-02  0.59224509E+02  0.80239106E+05
   0.46750071E+00  0.30818509E-02  0.58411110E+02  0.80747628E+05
   0.47044923E+00  0.31740269E-02  0.57608883E+02  0.81256903E+05
   0.47340191E+00  0.32689610E-02  0.56817674E+02  0.81766897E+05
   0.47635858E+00  0.33667416E-02  0.56037331E+02  0.82277577E+05
   0.47931903E+00  0.34674491E-02  0.55267706E+02  0.82788912E+05
   0.48228307E+00  0.35711689E-02  0.54508651E+02  0.83300868E+05
   0.48525052E+00  0.36779926E-02  0.53760020E+02  0.83813411E+05
   0.48822118E+00  0.37880122E-02  0.53021672E+02  0.84326508E+05
   0.49119484E+00  0.39013231E-02  0.52293464E+02  0.84840126E+05
   0.49417132E+00  0.40180242E-02  0.51575258E+02  0.85354229E+05
   0.49715042E+00  0.41382156E-02  0.50866915E+02  0.85868784E+05
   0.50013193E+00  0.42620026E-02  0.50168301E+02  0.86383757E+05
   0.50311565E+00  0.43894882E-02  0.49479282E+02  0.86899112E+05
   0.50610139E+00  0.45207851E-02  0.48799726E+02  0.87414814E+05
   0.50908894E+00  0.46560069E-02  0.48129503E+02  0.87930830E+05
   0.51207810E+00  0.47952649E-02  0.47468485E+02  0.88447122E+05
   0.51506865E+00  0.49386892E-02  0.46816546E+02  0.88963657E+05
   0.51806041E+00  0.50863997E-02  0.46173560E+02  0.89480398E+05
   0.52105314E+00  0.52385214E-02  0.45539405E+02  0.89997310E+05
   0.52404666E+00  0.53951851E-02  0.44913960E+02  0.90514356E+05
   0.52704075E+00  0.55565269E-02  0.44297105E+02  0.91031501E+05
   0.53003521E+00  0.57226856E-02  0.43688721E+02  0.91548709E+05
   0.53302981E+00  0.58938055E-02  0.43088694E+02  0.92065943E+05
   0.53602436E+00  0.60700336E-02  0.42496907E+02  0.92583168E+05
   0.53901864E+00  0.62515205E-02  0.41913248E+02  0.93100346E+05
   0.54201244E+00  0.64384225E-02  0.41337605E+02  0.93617441E+05
   0.54500555E+00  0.66309029E-02  0.40769868E+02  0.94134416E+05
   0.54799776E+00  0.68291243E-02  0.40209928E+02  0.94651236E+05
   0.55098885E+00  0.70332534E-02  0.39657679E+02  0.95167862E+05
   0.55397861E+00  0.72434757E-02  0.39113014E+02  0.95684259E+05
   0.55696682E+00  0.74599715E-02  0.38575830E+02  0.96200390E+05
   0.55995329E+00  0.76829188E-02  0.38046024E+02  0.96716217E+05
   0.56293778E+00  0.79125155E-02  0.37523494E+02  0.97231705E+05
   0.56592009E+00  0.81489546E-02  0.37008140E+02  0.97746815E+05
   0.56890001E+00  0.83924403E-02  0.36499865E+02  0.98261512E+05
   0.57187731E+00  0.86431871E-02  0.35998570E+02  0.98775759E+05
   0.57485180E+00  0.89014038E-02  0.35504160E+02  0.99289518E+05
   0.57782326E+00  0.91673183E-02  0.35016541E+02  0.99802753E+05
   0.58079146E+00  0.94411542E-02  0.34535618E+02  0.10031543E+06
   0.58375622E+00  0.97231532E-02  0.34061301E+02  0.10082751E+06
   0.58671730E+00  0.10013548E-01  0.33593497E+02  0.10133895E+06
   0.58967450E+00  0.10312591E-01  0.33132119E+02  0.10184972E+06
   0.59262761E+00  0.10620554E-01  0.32677078E+02  0.10235979E+06
   0.59557642E+00  0.10937696E-01  0.32228286E+02  0.10286911E+06
   0.59852072E+00  0.11264284E-01  0.31785657E+02  0.10337766E+06
   0.60146030E+00  0.11600595E-01  0.31349108E+02  0.10388539E+06
   0.60439496E+00  0.11946920E-01  0.30918555E+02  0.10439227E+06
   0.60732448E+00  0.12303567E-01  0.30493915E+02  0.10489826E+06
   0.61024866E+00  0.12670836E-01  0.30075106E+02  0.10540333E+06
   0.61316730E+00  0.13049046E-01  0.29662050E+02  0.10590744E+06
   0.61608019E+00  0.13438518E-01  0.29254667E+02  0.10641056E+06
   0.61898712E+00  0.13839597E-01  0.28852879E+02  0.10691266E+06
   0.62188791E+00  0.14252624E-01  0.28456609E+02  0.10741369E+06
   0.62478234E+00  0.14677950E-01  0.28065782E+02  0.10791362E+06
   0.62767022E+00  0.15115951E-01  0.27680322E+02  0.10841242E+06
   0.63055135E+00  0.15567010E-01  0.27300156E+02  0.10891005E+06
   0.63342553E+00  0.16031514E-01  0.26925212E+02  0.10940649E+06
   0.63629257E+00  0.16509853E-01  0.26555417E+02  0.10990169E+06
   0.63915227E+00  0.17002446E-01  0.26190700E+02  0.11039562E+06
   0.64200445E+00  0.17509723E-01  0.25830993E+02  0.11088825E+06
   0.64484891E+00  0.18032125E-01  0.25476226E+02  0.11137955E+06
   0.64768546E+00  0.18570099E-01  0.25126332E+02  0.11186949E+06
   0.65051391E+00  0.19124116E-01  0.24781243E+02  0.11235802E+06
   0.65333409E+00  0.19694656E-01  0.24440894E+02  0.11284513E+06
   0.65614580E+00  0.20282219E-01  0.24105219E+02  0.11333078E+06
   0.65894887E+00  0.20887308E-01  0.23774154E+02  0.11381493E+06
   0.66174311E+00  0.21510445E-01  0.23447636E+02  0.11429755E+06
   0.66452836E+00  0.22152182E-01  0.23125603E+02  0.11477863E+06
   0.66730442E+00  0.22813097E-01  0.22807992E+02  0.11525811E+06
   0.67007113E+00  0.23493738E-01  0.22494744E+02  0.11573599E+06
   0.67282832E+00  0.24194705E-01  0.22185797E+02  0.11621221E+06
   0.67557582E+00  0.24916615E-01  0.21881094E+02  0.11668677E+06
   0.67831346E+00  0.25660092E-01  0.21580576E+02  0.11715962E+06
   0.68104107E+00  0.26425800E-01  0.21284185E+02  0.11763074E+06
   0.68375850E+00  0.27214400E-01  0.20991865E+02  0.11810009E+06
   0.68646558E+00  0.28026590E-01  0.20703559E+02  0.11856767E+06
   0.68916216E+00  0.28863073E-01  0.20419213E+02  0.11903342E+06
   0.69184807E+00  0.29724599E-01  0.20138773E+02  0.11949734E+06
   0.69452317E+00  0.30611922E-01  0.19862184E+02  0.11995939E+06
   0.69718731E+00  0.31525797E-01  0.19589393E+02  0.12041954E+06
   0.69984033E+00  0.32467079E-01  0.19320350E+02  0.12087778E+06
   0.70248210E+00  0.33436587E-01  0.19055001E+02  0.12133407E+06
   0.70511247E+00  0.34435152E-01  0.18793297E+02  0.12178839E+06
   0.70773129E+00  0.35463675E-01  0.18535187E+02  0.12224072E+06
   0.71033844E+00  0.36523065E-01  0.18280621E+02  0.12269103E+06
   0.71293377E+00  0.37614263E-01  0.18029553E+02  0.12313930E+06
   0.71551716E+00  0.38738254E-01  0.17781932E+02  0.12358551E+06
   0.71808847E+00  0.39896007E-01  0.17537712E+02  0.12402963E+06
   0.72064757E+00  0.41088582E-01  0.17296847E+02  0.12447165E+06
   0.72319435E+00  0.42317071E-01  0.17059289E+02  0.12491153E+06
   0.72572869E+00  0.43582505E-01  0.16824994E+02  0.12534927E+06
   0.72825045E+00  0.44886034E-01  0.16593917E+02  0.12578483E+06
   0.73075954E+00  0.46228830E-01  0.16366014E+02  0.12621820E+06
   0.73325582E+00  0.47612126E-01  0.16141240E+02  0.12664937E+06
   0.73573921E+00  0.49037183E-01  0.15919554E+02  0.12707830E+06
   0.73820958E+00  0.50505241E-01  0.15700912E+02  0.12750499E+06
   0.74066683E+00  0.52017631E-01  0.15485274E+02  0.12792941E+06
   0.74311086E+00  0.53575716E-01  0.15272597E+02  0.12835155E+06
   0.74554158E+00  0.55180922E-01  0.15062840E+02  0.12877139E+06
   0.74795889E+00  0.56834710E-01  0.14855965E+02  0.12918891E+06
   0.75036269E+00  0.58538564E-01  0.14651931E+02  0.12960410E+06
   0.75275290E+00  0.60294045E-01  0.14450699E+02  0.13001694E+06
   0.75512943E+00  0.62102739E-01  0.14252231E+02  0.13042742E+06
   0.75749219E+00  0.63966320E-01  0.14056489E+02  0.13083552E+06
   0.75984110E+00  0.65886499E-01  0.13863435E+02  0.13124123E+06
   0.76217610E+00  0.67864995E-01  0.13673032E+02  0.13164453E+06
   0.76449709E+00  0.69903610E-01  0.13485244E+02  0.13204542E+06
   0.76680401E+00  0.72004312E-01  0.13300036E+02  0.13244388E+06
   0.76909679E+00  0.74168999E-01  0.13117371E+02  0.13283989E+06
   0.77137537E+00  0.76399614E-01  0.12937215E+02  0.13323345E+06
   0.77363967E+00  0.78698257E-01  0.12759534E+02  0.13362454E+06
   0.77588965E+00  0.81067063E-01  0.12584292E+02  0.13401316E+06
   0.77812524E+00  0.83508213E-01  0.12411458E+02  0.13439930E+06
   0.78034638E+00  0.86023987E-01  0.12240997E+02  0.13478294E+06
   0.78255303E+00  0.88616723E-01  0.12072877E+02  0.13516408E+06
   0.78474514E+00  0.91288847E-01  0.11907066E+02  0.13554270E+06
   0.78692266E+00  0.94042866E-01  0.11743533E+02  0.13591881E+06
   0.78908555E+00  0.96881312E-01  0.11582245E+02  0.13629239E+06
   0.79123376E+00  0.99806934E-01  0.11423173E+02  0.13666343E+06
   0.79336727E+00  0.10282242E+00  0.11266285E+02  0.13703193E+06
   0.79548603E+00  0.10593057E+00  0.11111552E+02  0.13739789E+06
   0.79759001E+00  0.10913444E+00  0.10958945E+02  0.13776129E+06
   0.79967919E+00  0.11243702E+00  0.10808433E+02  0.13812214E+06
   0.80175353E+00  0.11584139E+00  0.10659988E+02  0.13848042E+06
   0.80381302E+00  0.11935082E+00  0.10513582E+02  0.13883614E+06
   0.80585763E+00  0.12296863E+00  0.10369187E+02  0.13918929E+06
   0.80788734E+00  0.12669826E+00  0.10226775E+02  0.13953987E+06
   0.80990215E+00  0.13054331E+00  0.10086319E+02  0.13988787E+06
   0.81190203E+00  0.13450744E+00  0.99477919E+01  0.14023329E+06
   0.81388697E+00  0.13859446E+00  0.98111674E+01  0.14057614E+06
   0.81585697E+00  0.14280831E+00  0.96764193E+01  0.14091640E+06
   0.81781202E+00  0.14715301E+00  0.95435219E+01  0.14125408E+06
   0.81975211E+00  0.15163277E+00  0.94124497E+01  0.14158918E+06
   0.82167726E+00  0.15625195E+00  0.92831777E+01  0.14192169E+06
   0.82358745E+00  0.16101500E+00  0.91556811E+01  0.14225162E+06
   0.82548270E+00  0.16592646E+00  0.90299355E+01  0.14257897E+06
   0.82736301E+00  0.17099129E+00  0.89059170E+01  0.14290374E+06
   0.82922839E+00  0.17621439E+00  0.87836018E+01  0.14322594E+06
   0.83107885E+00  0.18160074E+00  0.86629664E+01  0.14354555E+06
   0.83291440E+00  0.18715564E+00  0.85439879E+01  0.14386259E+06
   0.83473506E+00  0.19288463E+00  0.84266435E+01  0.14417706E+06
   0.83654086E+00  0.19879326E+00  0.83109107E+01  0.14448896E+06
   0.83833180E+00  0.20488737E+00  0.81967673E+01  0.14479829E+06
   0.84010791E+00  0.21117300E+00  0.80841917E+01  0.14510507E+06
   0.84186922E+00  0.21765629E+00  0.79731621E+01  0.14540928E+06
   0.84361575E+00  0.22434372E+00  0.78636575E+01  0.14571095E+06
   0.84534753E+00  0.23124194E+00  0.77556568E+01  0.14601006E+06
   0.84706459E+00  0.23835778E+00  0.76491394E+01  0.14630664E+06
   0.84876697E+00  0.24569832E+00  0.75440850E+01  0.14660068E+06
   0.85045470E+00  0.25327093E+00  0.74404734E+01  0.14689219E+06
   0.85212782E+00  0.26108311E+00  0.73382848E+01  0.14718117E+06
   0.85378636E+00  0.26914269E+00  0.72374996E+01  0.14746764E+06
   0.85543036E+00  0.27745798E+00  0.71380987E+01  0.14775159E+06
   0.85705987E+00  0.28603715E+00  0.70400629E+01  0.14803304E+06
   0.85867494E+00  0.29488884E+00  0.69433736E+01  0.14831200E+06
   0.86027559E+00  0.30402208E+00  0.68480123E+01  0.14858847E+06
   0.86186189E+00  0.31344602E+00  0.67539606E+01  0.14886246E+06
   0.86343389E+00  0.32317029E+00  0.66612007E+01  0.14913398E+06
   0.86499162E+00  0.33320475E+00  0.65697147E+01  0.14940303E+06
   0.86653515E+00  0.34355957E+00  0.64794853E+01  0.14966963E+06
   0.86806453E+00  0.35424536E+00  0.63904950E+01  0.14993379E+06
   0.86957981E+00  0.36527307E+00  0.63027270E+01  0.15019551E+06
   0.87108105E+00  0.37665392E+00  0.62161643E+01  0.15045481E+06
   0.87256831E+00  0.38839961E+00  0.61307906E+01  0.15071169E+06
   0.87404164E+00  0.40052224E+00  0.60465894E+01  0.15096617E+06
   0.87550111E+00  0.41303422E+00  0.59635446E+01  0.15121825E+06
   0.87694678E+00  0.42594859E+00  0.58816403E+01  0.15146795E+06
   0.87837871E+00  0.43927848E+00  0.58008610E+01  0.15171528E+06
   0.87979697E+00  0.45303768E+00  0.57211911E+01  0.15196024E+06
   0.88120162E+00  0.46724085E+00  0.56426154E+01  0.15220285E+06
   0.88259273E+00  0.48190251E+00  0.55651188E+01  0.15244313E+06
   0.88397037E+00  0.49703772E+00  0.54886866E+01  0.15268108E+06
   0.88533460E+00  0.51266249E+00  0.54133041E+01  0.15291671E+06
   0.88668549E+00  0.52879328E+00  0.53389570E+01  0.15315004E+06
   0.88802312E+00  0.54544691E+00  0.52656309E+01  0.15338108E+06
   0.88934756E+00  0.56264023E+00  0.51933119E+01  0.15360984E+06
   0.89065889E+00  0.58039168E+00  0.51219862E+01  0.15383633E+06
   0.89195716E+00  0.59872019E+00  0.50516401E+01  0.15406057E+06
   0.89324247E+00  0.61764483E+00  0.49822601E+01  0.15428257E+06
   0.89451488E+00  0.63718568E+00  0.49138329E+01  0.15450234E+06
   0.89577447E+00  0.65736323E+00  0.48463456E+01  0.15471990E+06
   0.89702132E+00  0.67819901E+00  0.47797851E+01  0.15493526E+06
   0.89825550E+00  0.69971506E+00  0.47141388E+01  0.15514843E+06
   0.89947711E+00  0.72193422E+00  0.46493941E+01  0.15535943E+06
   0.90068620E+00  0.74488014E+00  0.45855386E+01  0.15556827E+06
   0.90188287E+00  0.76857726E+00  0.45225601E+01  0.15577496E+06
   0.90306719E+00  0.79305083E+00  0.44604466E+01  0.15597952E+06
   0.90423925E+00  0.81832700E+00  0.43991861E+01  0.15618196E+06
   0.90539912E+00  0.84443314E+00  0.43387670E+01  0.15638229E+06
   0.90654689E+00  0.87139708E+00  0.42791777E+01  0.15658054E+06
   0.90768265E+00  0.89924765E+00  0.42204069E+01  0.15677671E+06
   0.90880646E+00  0.92801483E+00  0.41624431E+01  0.15697082E+06
   0.90991843E+00  0.95772973E+00  0.41052755E+01  0.15716288E+06
   0.91101863E+00  0.98842435E+00  0.40488930E+01  0.15735290E+06
   0.91210714E+00  0.10201319E+01  0.39932849E+01  0.15754091E+06
   0.91318405E+00  0.10528867E+01  0.39384405E+01  0.15772692E+06
   0.91424945E+00  0.10867242E+01  0.38843494E+01  0.15791094E+06
   0.91530342E+00  0.11216812E+01  0.38310011E+01  0.15809298E+06
   0.91634605E+00  0.11577958E+01  0.37783856E+01  0.15827307E+06
   0.91737741E+00  0.11951071E+01  0.37264926E+01  0.15845121E+06
   0.91839761E+00  0.12336559E+01  0.36753124E+01  0.15862742E+06
   0.91940671E+00  0.12734844E+01  0.36248351E+01  0.15880171E+06
   0.92040482E+00  0.13146359E+01  0.35750511E+01  0.15897411E+06
   0.92139202E+00  0.13571557E+01  0.35259508E+01  0.15914462E+06
   0.92236838E+00  0.14010903E+01  0.34775248E+01  0.15931326E+06
   0.92333401E+00  0.14464880E+01  0.34297639E+01  0.15948004E+06
   0.92428898E+00  0.14933986E+01  0.33826590E+01  0.15964499E+06
   0.92523339E+00  0.15418738E+01  0.33362011E+01  0.15980811E+06
   0.92616731E+00  0.15919670E+01  0.32903812E+01  0.15996941E+06
   0.92709085E+00  0.16437339E+01  0.32451906E+01  0.16012893E+06
   0.92800407E+00  0.16972315E+01  0.32006206E+01  0.16028666E+06
   0.92890708E+00  0.17525186E+01  0.31566628E+01  0.16044263E+06
   0.92979995E+00  0.18096570E+01  0.31133087E+01  0.16059685E+06
   0.93068278E+00  0.18687098E+01  0.30705501E+01  0.16074933E+06
   0.93155564E+00  0.19297427E+01  0.30283787E+01  0.16090010E+06
   0.93241864E+00  0.19928237E+01  0.29867864E+01  0.16104916E+06
   0.93327184E+00  0.20580229E+01  0.29457654E+01  0.16119652E+06
   0.93411535E+00  0.21254131E+01  0.29053079E+01  0.16134221E+06
   0.93494924E+00  0.21950696E+01  0.28654059E+01  0.16148625E+06
   0.93577360E+00  0.22670701E+01  0.28260520E+01  0.16162863E+06
   0.93658852E+00  0.23414955E+01  0.27872385E+01  0.16176939E+06
   0.93739408E+00  0.24184289E+01  0.27489582E+01  0.16190852E+06
   0.93819037E+00  0.24979568E+01  0.27112036E+01  0.16204606E+06
   0.93897747E+00  0.25801685E+01  0.26739675E+01  0.16218201E+06
   0.93975547E+00  0.26651563E+01  0.26372428E+01  0.16231639E+06
   0.94052446E+00  0.27530162E+01  0.26010225E+01  0.16244921E+06
   0.94128450E+00  0.28438470E+01  0.25652997E+01  0.16258049E+06
   0.94203570E+00  0.29377510E+01  0.25300674E+01  0.16271023E+06
   0.94277813E+00  0.30348348E+01  0.24953191E+01  0.16283847E+06
   0.94351188E+00  0.31352078E+01  0.24610480E+01  0.16296520E+06
   0.94423703E+00  0.32389839E+01  0.24272476E+01  0.16309045E+06
   0.94495367E+00  0.33462802E+01  0.23939114E+01  0.16321423E+06
   0.94566187E+00  0.34572187E+01  0.23610331E+01  0.16333655E+06
   0.94636171E+00  0.35719262E+01  0.23286063E+01  0.16345743E+06
   0.94705329E+00  0.36905322E+01  0.22966248E+01  0.16357688E+06
   0.94773667E+00  0.38131721E+01  0.22650826E+01  0.16369492E+06
   0.94841195E+00  0.39399851E+01  0.22339736E+01  0.16381155E+06
   0.94907920E+00  0.40711164E+01  0.22032919E+01  0.16392680E+06
   0.94973850E+00  0.42067154E+01  0.21730315E+01  0.16404068E+06
   0.95038993E+00  0.43469373E+01  0.21431868E+01  0.16415319E+06
   0.95103357E+00  0.44919422E+01  0.21137519E+01  0.16426436E+06
   0.95166950E+00  0.46418964E+01  0.20847213E+01  0.16437420E+06
   0.95229780E+00  0.47969717E+01  0.20560895E+01  0.16448272E+06
   0.95291855E+00  0.49573461E+01  0.20278508E+01  0.16458994E+06
   0.95353181E+00  0.51232036E+01  0.20000000E+01  0.16469586E+06
   0.95413768E+00  0.52947349E+01  0.19725317E+01  0.16480051E+06
   0.95473623E+00  0.54721375E+01  0.19454406E+01  0.16490389E+06
   0.95532752E+00  0.56556155E+01  0.19187217E+01  0.16500602E+06
   0.95591165E+00  0.58453807E+01  0.18923696E+01  0.16510691E+06
   0.95648868E+00  0.60416517E+01  0.18663795E+01  0.16520658E+06
   0.95705869E+00  0.62446553E+01  0.18407464E+01  0.16530503E+06
   0.95762175E+00  0.64546261E+01  0.18154653E+01  0.16540229E+06
   0.95817793E+00  0.66718071E+01  0.17905314E+01  0.16549835E+06
   0.95872732E+00  0.68964499E+01  0.17659400E+01  0.16559324E+06
   0.95926997E+00  0.71288143E+01  0.17416863E+01  0.16568697E+06
   0.95980597E+00  0.73691702E+01  0.17177657E+01  0.16577955E+06
   0.96033539E+00  0.76177969E+01  0.16941737E+01  0.16587099E+06
   0.96085829E+00  0.78749826E+01  0.16709056E+01  0.16596131E+06
   0.96137475E+00  0.81410269E+01  0.16479571E+01  0.16605051E+06
   0.96188483E+00  0.84162395E+01  0.16253238E+01  0.16613861E+06
   0.96238862E+00  0.87009398E+01  0.16030014E+01  0.16622563E+06
   0.96288617E+00  0.89954614E+01  0.15809855E+01  0.16631157E+06
   0.96337755E+00  0.93001472E+01  0.15592720E+01  0.16639644E+06
   0.96386283E+00  0.96153529E+01  0.15378567E+01  0.16648026E+06
   0.96434209E+00  0.99414465E+01  0.15167356E+01  0.16656304E+06
   0.96481538E+00  0.10278810E+02  0.14959045E+01  0.16664478E+06
   0.96528277E+00  0.10627837E+02  0.14753595E+01  0.16672551E+06
   0.96574433E+00  0.10988938E+02  0.14550967E+01  0.16680523E+06
   0.96620013E+00  0.11362535E+02  0.14351122E+01  0.16688396E+06
   0.96665022E+00  0.11749067E+02  0.14154021E+01  0.16696170E+06
   0.96709468E+00  0.12148987E+02  0.13959628E+01  0.16703847E+06
   0.96753356E+00  0.12562766E+02  0.13767904E+01  0.16711427E+06
   0.96796693E+00  0.12990890E+02  0.13578814E+01  0.16718913E+06
   0.96839486E+00  0.13433862E+02  0.13392320E+01  0.16726304E+06
   0.96881740E+00  0.13892204E+02  0.13208388E+01  0.16733602E+06
   0.96923461E+00  0.14366456E+02  0.13026982E+01  0.16740808E+06
   0.96964657E+00  0.14857178E+02  0.12848067E+01  0.16747924E+06
   0.97005331E+00  0.15364948E+02  0.12671610E+01  0.16754949E+06
   0.97045492E+00  0.15890366E+02  0.12497576E+01  0.16761886E+06
   0.97085144E+00  0.16434053E+02  0.12325933E+01  0.16768734E+06
   0.97124294E+00  0.16996651E+02  0.12156646E+01  0.16775496E+06
   0.97162947E+00  0.17578827E+02  0.11989685E+01  0.16782173E+06
   0.97201109E+00  0.18181270E+02  0.11825017E+01  0.16788764E+06
   0.97238786E+00  0.18804693E+02  0.11662610E+01  0.16795272E+06
   0.97275983E+00  0.19449835E+02  0.11502434E+01  0.16801696E+06
   0.97312707E+00  0.20117463E+02  0.11344458E+01  0.16808039E+06
   0.97348962E+00  0.20808369E+02  0.11188651E+01  0.16814302E+06
   0.97384754E+00  0.21523373E+02  0.11034985E+01  0.16820484E+06
   0.97420089E+00  0.22263326E+02  0.10883429E+01  0.16826587E+06
   0.97454972E+00  0.23029107E+02  0.10733954E+01  0.16832612E+06
   0.97489409E+00  0.23821629E+02  0.10586532E+01  0.16838560E+06
   0.97523404E+00  0.24641835E+02  0.10441135E+01  0.16844431E+06
   0.97556963E+00  0.25490703E+02  0.10297735E+01  0.16850228E+06
   0.97590091E+00  0.26369245E+02  0.10156304E+01  0.16855950E+06
   0.97622793E+00  0.27278508E+02  0.10016816E+01  0.16861598E+06
   0.97655075E+00  0.28219580E+02  0.98792435E+00  0.16867174E+06
   0.97686941E+00  0.29193586E+02  0.97435604E+00  0.16872678E+06
   0.97718397E+00  0.30201688E+02  0.96097409E+00  0.16878111E+06
   0.97749447E+00  0.31245093E+02  0.94777592E+00  0.16883474E+06
   0.97780096E+00  0.32325049E+02  0.93475902E+00  0.16888768E+06
   0.97810349E+00  0.33442851E+02  0.92192090E+00  0.16893993E+06
   0.97840211E+00  0.34599838E+02  0.90925909E+00  0.16899151E+06
   0.97869686E+00  0.35797396E+02  0.89677119E+00  0.16904242E+06
   0.97898780E+00  0.37036962E+02  0.88445480E+00  0.16909267E+06
   0.97927497E+00  0.38320027E+02  0.87230756E+00  0.16914227E+06
   0.97955841E+00  0.39648129E+02  0.86032715E+00  0.16919123E+06
   0.97983818E+00  0.41022865E+02  0.84851129E+00  0.16923955E+06
   0.98011430E+00  0.42445887E+02  0.83685770E+00  0.16928724E+06
   0.98038684E+00  0.43918911E+02  0.82536417E+00  0.16933432E+06
   0.98065584E+00  0.45443706E+02  0.81402849E+00  0.16938078E+06
   0.98092133E+00  0.47022111E+02  0.80284850E+00  0.16942663E+06
   0.98118336E+00  0.48656027E+02  0.79182205E+00  0.16947189E+06
   0.98144197E+00  0.50347426E+02  0.78094705E+00  0.16951656E+06
   0.98169721E+00  0.52098347E+02  0.77022140E+00  0.16956065E+06
   0.98194912E+00  0.53910904E+02  0.75964306E+00  0.16960416E+06
   0.98219774E+00  0.55787287E+02  0.74921001E+00  0.16964710E+06
   0.98244310E+00  0.57729762E+02  0.73892024E+00  0.16968948E+06
   0.98268526E+00  0.59740680E+02  0.72877180E+00  0.16973130E+06
   0.98292424E+00  0.61822472E+02  0.71876273E+00  0.16977258E+06
   0.98316009E+00  0.63977658E+02  0.70889113E+00  0.16981332E+06
   0.98339286E+00  0.66208849E+02  0.69915511E+00  0.16985352E+06
   0.98362256E+00  0.68518747E+02  0.68955281E+00  0.16989320E+06
   0.98384926E+00  0.70910153E+02  0.68008239E+00  0.16993235E+06
   0.98407297E+00  0.73385967E+02  0.67074203E+00  0.16997099E+06
   0.98429375E+00  0.75949194E+02  0.66152996E+00  0.17000912E+06
   0.98451162E+00  0.78602947E+02  0.65244440E+00  0.17004676E+06
   0.98472662E+00  0.81350448E+02  0.64348363E+00  0.17008389E+06
   0.98493880E+00  0.84195036E+02  0.63464593E+00  0.17012054E+06
   0.98514818E+00  0.87140172E+02  0.62592960E+00  0.17015670E+06
   0.98535480E+00  0.90189436E+02  0.61733299E+00  0.17019239E+06
   0.98555869E+00  0.93346542E+02  0.60885444E+00  0.17022761E+06
   0.98575990E+00  0.96615333E+02  0.60049234E+00  0.17026236E+06
   0.98595845E+00  0.99999796E+02  0.59224509E+00  0.17029666E+06
   0.98615437E+00  0.10350405E+03  0.58411110E+00  0.17033050E+06
   0.98634771E+00  0.10713237E+03  0.57608883E+00  0.17036389E+06
   0.98653849E+00  0.11088919E+03  0.56817674E+00  0.17039684E+06
   0.98672674E+00  0.11477909E+03  0.56037331E+00  0.17042936E+06
   0.98691251E+00  0.11880682E+03  0.55267706E+00  0.17046144E+06
   0.98709581E+00  0.12297731E+03  0.54508651E+00  0.17049310E+06
   0.98727668E+00  0.12729564E+03  0.53760020E+00  0.17052434E+06
   0.98745516E+00  0.13176712E+03  0.53021672E+00  0.17055517E+06
   0.98763127E+00  0.13639719E+03  0.52293464E+00  0.17058559E+06
   0.98780504E+00  0.14119154E+03  0.51575258E+00  0.17061560E+06
   0.98797651E+00  0.14615604E+03  0.50866915E+00  0.17064522E+06
   0.98814569E+00  0.15129676E+03  0.50168301E+00  0.17067444E+06
   0.98831263E+00  0.15662002E+03  0.49479282E+00  0.17070327E+06
   0.98847735E+00  0.16213234E+03  0.48799726E+00  0.17073173E+06
   0.98863988E+00  0.16784048E+03  0.48129503E+00  0.17075980E+06
   0.98880025E+00  0.17375145E+03  0.47468485E+00  0.17078750E+06
   0.98895848E+00  0.17987252E+03  0.46816546E+00  0.17081483E+06
   0.98911461E+00  0.18621119E+03  0.46173560E+00  0.17084179E+06
   0.98926865E+00  0.19277528E+03  0.45539405E+00  0.17086840E+06
   0.98942064E+00  0.19957284E+03  0.44913960E+00  0.17089465E+06
   0.98957061E+00  0.20661225E+03  0.44297105E+00  0.17092055E+06
   0.98971857E+00  0.21390216E+03  0.43688721E+00  0.17094611E+06
   0.98986456E+00  0.22145156E+03  0.43088694E+00  0.17097133E+06
   0.99000860E+00  0.22926974E+03  0.42496907E+00  0.17099621E+06
   0.99015072E+00  0.23736636E+03  0.41913248E+00  0.17102075E+06
   0.99029094E+00  0.24575138E+03  0.41337605E+00  0.17104497E+06
   0.99042929E+00  0.25443516E+03  0.40769868E+00  0.17106887E+06
   0.99056578E+00  0.26342840E+03  0.40209928E+00  0.17109244E+06
   0.99070045E+00  0.27274223E+03  0.39657679E+00  0.17111570E+06
   0.99083332E+00  0.28238813E+03  0.39113014E+00  0.17113865E+06
   0.99096441E+00  0.29237804E+03  0.38575830E+00  0.17116129E+06
   0.99109374E+00  0.30272431E+03  0.38046024E+00  0.17118363E+06
   0.99122134E+00  0.31343973E+03  0.37523494E+00  0.17120567E+06
   0.99134723E+00  0.32453757E+03  0.37008140E+00  0.17122742E+06
   0.99147144E+00  0.33603156E+03  0.36499865E+00  0.17124887E+06
   0.99159398E+00  0.34793595E+03  0.35998570E+00  0.17127004E+06
   0.99171487E+00  0.36026547E+03  0.35504160E+00  0.17129092E+06
   0.99183415E+00  0.37303542E+03  0.35016541E+00  0.17131152E+06
   0.99195182E+00  0.38626164E+03  0.34535618E+00  0.17133184E+06
   0.99206791E+00  0.39996053E+03  0.34061301E+00  0.17135189E+06
   0.99218245E+00  0.41414910E+03  0.33593497E+00  0.17137168E+06
   0.99229545E+00  0.42884496E+03  0.33132119E+00  0.17139119E+06
   0.99240692E+00  0.44406638E+03  0.32677078E+00  0.17141045E+06
   0.99251690E+00  0.45983226E+03  0.32228286E+00  0.17142944E+06
   0.99262540E+00  0.47616223E+03  0.31785657E+00  0.17144818E+06
   0.99273244E+00  0.49307658E+03  0.31349108E+00  0.17146667E+06
   0.99283804E+00  0.51059637E+03  0.30918555E+00  0.17148491E+06
   0.99294222E+00  0.52874341E+03  0.30493915E+00  0.17150291E+06
   0.99304500E+00  0.54754028E+03  0.30075106E+00  0.17152066E+06
   0.99314640E+00  0.56701044E+03  0.29662050E+00  0.17153817E+06
   0.99324642E+00  0.58717813E+03  0.29254667E+00  0.17155545E+06
   0.99334510E+00  0.60806851E+03  0.28852879E+00  0.17157249E+06
   0.99344245E+00  0.62970765E+03  0.28456609E+00  0.17158931E+06
   0.99353849E+00  0.65212253E+03  0.28065782E+00  0.17160590E+06
   0.99363324E+00  0.67534117E+03  0.27680322E+00  0.17162226E+06
   0.99372670E+00  0.69939255E+03  0.27300156E+00  0.17163840E+06
   0.99381891E+00  0.72430674E+03  0.26925212E+00  0.17165433E+06
   0.99390987E+00  0.75011489E+03  0.26555417E+00  0.17167004E+06
   0.99399960E+00  0.77684926E+03  0.26190700E+00  0.17168554E+06
   0.99408813E+00  0.80454331E+03  0.25830993E+00  0.17170083E+06
   0.99417545E+00  0.83323171E+03  0.25476226E+00  0.17171591E+06
   0.99426160E+00  0.86295038E+03  0.25126332E+00  0.17173079E+06
   0.99434659E+00  0.89373655E+03  0.24781243E+00  0.17174547E+06
   0.99443042E+00  0.92562879E+03  0.24440894E+00  0.17175995E+06
   0.99451313E+00  0.95866712E+03  0.24105219E+00  0.17177424E+06
   0.99459471E+00  0.99289296E+03  0.23774154E+00  0.17178833E+06
   0.99467519E+00  0.10283492E+04  0.23447636E+00  0.17180223E+06
   0.99475459E+00  0.10650805E+04  0.23125603E+00  0.17181594E+06
   0.99483291E+00  0.11031329E+04  0.22807992E+00  0.17182947E+06
   0.99491017E+00  0.11425541E+04  0.22494744E+00  0.17184281E+06
   0.99498638E+00  0.11833938E+04  0.22185797E+00  0.17185598E+06
   0.99506157E+00  0.12257034E+04  0.21881094E+00  0.17186896E+06
   0.99513573E+00  0.12695359E+04  0.21580576E+00  0.17188177E+06
   0.99520889E+00  0.13149467E+04  0.21284185E+00  0.17189441E+06
   0.99528106E+00  0.13619928E+04  0.20991865E+00  0.17190688E+06
   0.99535226E+00  0.14107335E+04  0.20703559E+00  0.17191917E+06
   0.99542248E+00  0.14612303E+04  0.20419213E+00  0.17193130E+06
   0.99549176E+00  0.15135467E+04  0.20138773E+00  0.17194327E+06
   0.99556010E+00  0.15677487E+04  0.19862184E+00  0.17195507E+06
   0.99562751E+00  0.16239048E+04  0.19589393E+00  0.17196671E+06
   0.99569401E+00  0.16820859E+04  0.19320350E+00  0.17197820E+06
   0.99575960E+00  0.17423652E+04  0.19055001E+00  0.17198953E+06
   0.99582431E+00  0.18048190E+04  0.18793297E+00  0.17200071E+06
   0.99588814E+00  0.18695263E+04  0.18535187E+00  0.17201173E+06
   0.99595110E+00  0.19365688E+04  0.18280621E+00  0.17202261E+06
   0.99601321E+00  0.20060312E+04  0.18029553E+00  0.17203333E+06
   0.99607448E+00  0.20780015E+04  0.17781932E+00  0.17204392E+06
   0.99613491E+00  0.21525708E+04  0.17537712E+00  0.17205435E+06
   0.99619452E+00  0.22298335E+04  0.17296847E+00  0.17206465E+06
   0.99625333E+00  0.23098873E+04  0.17059289E+00  0.17207481E+06
   0.99631133E+00  0.23928339E+04  0.16824994E+00  0.17208483E+06
   0.99636855E+00  0.24787783E+04  0.16593917E+00  0.17209471E+06
   0.99642499E+00  0.25678296E+04  0.16366014E+00  0.17210446E+06
   0.99648066E+00  0.26601006E+04  0.16141240E+00  0.17211407E+06
   0.99653558E+00  0.27557086E+04  0.15919554E+00  0.17212356E+06
   0.99658975E+00  0.28547749E+04  0.15700912E+00  0.17213291E+06
   0.99664318E+00  0.29574254E+04  0.15485274E+00  0.17214214E+06
   0.99669589E+00  0.30637905E+04  0.15272597E+00  0.17215125E+06
   0.99674788E+00  0.31740055E+04  0.15062840E+00  0.17216023E+06
   0.99679917E+00  0.32882104E+04  0.14855965E+00  0.17216909E+06
   0.99684975E+00  0.34065507E+04  0.14651931E+00  0.17217782E+06
   0.99689965E+00  0.35291769E+04  0.14450699E+00  0.17218644E+06
   0.99694887E+00  0.36562452E+04  0.14252231E+00  0.17219494E+06
   0.99699742E+00  0.37879175E+04  0.14056489E+00  0.17220333E+06
   0.99704531E+00  0.39243615E+04  0.13863435E+00  0.17221160E+06
   0.99709255E+00  0.40657514E+04  0.13673032E+00  0.17221976E+06
   0.99713915E+00  0.42122671E+04  0.13485244E+00  0.17222781E+06
   0.99718511E+00  0.43640959E+04  0.13300036E+00  0.17223575E+06
   0.99723044E+00  0.45214316E+04  0.13117371E+00  0.17224358E+06
   0.99727516E+00  0.46844748E+04  0.12937215E+00  0.17225130E+06
   0.99731927E+00  0.48534342E+04  0.12759534E+00  0.17225892E+06
   0.99736278E+00  0.50285254E+04  0.12584292E+00  0.17226643E+06
   0.99740569E+00  0.52099724E+04  0.12411458E+00  0.17227385E+06
   0.99744802E+00  0.53980072E+04  0.12240997E+00  0.17228116E+06
   0.99748978E+00  0.55928706E+04  0.12072877E+00  0.17228837E+06
   0.99753096E+00  0.57948116E+04  0.11907066E+00  0.17229548E+06
   0.99757159E+00  0.60040893E+04  0.11743533E+00  0.17230250E+06
   0.99761166E+00  0.62209715E+04  0.11582245E+00  0.17230942E+06
   0.99765118E+00  0.64457362E+04  0.11423173E+00  0.17231625E+06
   0.99769017E+00  0.66786717E+04  0.11266285E+00  0.17232298E+06
   0.99772862E+00  0.69200766E+04  0.11111552E+00  0.17232962E+06
   0.99776655E+00  0.71702606E+04  0.10958945E+00  0.17233617E+06
   0.99780396E+00  0.74295450E+04  0.10808433E+00  0.17234264E+06
   0.99784087E+00  0.76982627E+04  0.10659988E+00  0.17234901E+06
   0.99787726E+00  0.79767590E+04  0.10513582E+00  0.17235530E+06
   0.99791317E+00  0.82653917E+04  0.10369187E+00  0.17236150E+06
   0.99794858E+00  0.85645319E+04  0.10226775E+00  0.17236761E+06
   0.99798351E+00  0.88745642E+04  0.10086319E+00  0.17237365E+06
   0.99801796E+00  0.91958880E+04  0.99477919E-01  0.17237960E+06
   0.99805195E+00  0.95289164E+04  0.98111674E-01  0.17238547E+06
   0.99808547E+00  0.98740786E+04  0.96764193E-01  0.17239126E+06
   0.99811853E+00  0.10231819E+05  0.95435219E-01  0.17239697E+06
   0.99815114E+00  0.10602599E+05  0.94124497E-01  0.17240260E+06
   0.99818331E+00  0.10986896E+05  0.92831777E-01  0.17240816E+06
   0.99821503E+00  0.11385206E+05  0.91556811E-01  0.17241364E+06
   0.99824633E+00  0.11798043E+05  0.90299355E-01  0.17241904E+06
   0.99827719E+00  0.12225940E+05  0.89059170E-01  0.17242437E+06
   0.99830764E+00  0.12669449E+05  0.87836018E-01  0.17242963E+06
   0.99833767E+00  0.13129143E+05  0.86629664E-01  0.17243482E+06
   0.99836729E+00  0.13605617E+05  0.85439879E-01  0.17243993E+06
   0.99839650E+00  0.14099486E+05  0.84266435E-01  0.17244498E+06
   0.99842532E+00  0.14611389E+05  0.83109107E-01  0.17244996E+06
   0.99845374E+00  0.15141989E+05  0.81967673E-01  0.17245487E+06
   0.99848177E+00  0.15691971E+05  0.80841917E-01  0.17245971E+06
   0.99850942E+00  0.16262049E+05  0.79731621E-01  0.17246448E+06
   0.99853670E+00  0.16852960E+05  0.78636575E-01  0.17246919E+06
   0.99856360E+00  0.17465471E+05  0.77556568E-01  0.17247384E+06
   0.99859013E+00  0.18100375E+05  0.76491394E-01  0.17247842E+06
   0.99861630E+00  0.18758495E+05  0.75440850E-01  0.17248294E+06
   0.99864211E+00  0.19440687E+05  0.74404734E-01  0.17248740E+06
   0.99866757E+00  0.20147834E+05  0.73382848E-01  0.17249180E+06
   0.99869269E+00  0.20880855E+05  0.72374996E-01  0.17249614E+06
   0.99871745E+00  0.21640701E+05  0.71380987E-01  0.17250042E+06
   0.99874188E+00  0.22428362E+05  0.70400629E-01  0.17250464E+06
   0.99876598E+00  0.23244859E+05  0.69433736E-01  0.17250880E+06
   0.99878975E+00  0.24091255E+05  0.68480123E-01  0.17251290E+06
   0.99881319E+00  0.24968650E+05  0.67539606E-01  0.17251695E+06
   0.99883631E+00  0.25878187E+05  0.66612007E-01  0.17252094E+06
   0.99885912E+00  0.26821049E+05  0.65697147E-01  0.17252488E+06
   0.99888161E+00  0.27798465E+05  0.64794853E-01  0.17252877E+06
   0.99890380E+00  0.28811706E+05  0.63904950E-01  0.17253260E+06
   0.99892568E+00  0.29862095E+05  0.63027270E-01  0.17253638E+06
   0.99894726E+00  0.30951001E+05  0.62161643E-01  0.17254011E+06
   0.99896855E+00  0.32079842E+05  0.61307906E-01  0.17254379E+06
   0.99898954E+00  0.33250093E+05  0.60465894E-01  0.17254741E+06
   0.99901025E+00  0.34463280E+05  0.59635446E-01  0.17255099E+06
   0.99903068E+00  0.35720987E+05  0.58816403E-01  0.17255452E+06
   0.99905083E+00  0.37024858E+05  0.58008610E-01  0.17255800E+06
   0.99907070E+00  0.38376596E+05  0.57211911E-01  0.17256143E+06
   0.99909030E+00  0.39777967E+05  0.56426154E-01  0.17256481E+06
   0.99910963E+00  0.41230803E+05  0.55651188E-01  0.17256815E+06
   0.99912869E+00  0.42737006E+05  0.54886866E-01  0.17257145E+06
   0.99914750E+00  0.44298544E+05  0.54133041E-01  0.17257469E+06
   0.99916605E+00  0.45917464E+05  0.53389570E-01  0.17257790E+06
   0.99918434E+00  0.47595884E+05  0.52656309E-01  0.17258106E+06
   0.99920239E+00  0.49336003E+05  0.51933119E-01  0.17258417E+06
   0.99922018E+00  0.51140100E+05  0.51219862E-01  0.17258725E+06
   0.99923774E+00  0.53010541E+05  0.50516401E-01  0.17259028E+06
   0.99925505E+00  0.54949778E+05  0.49822601E-01  0.17259327E+06
   0.99927213E+00  0.56960353E+05  0.49138329E-01  0.17259622E+06
   0.99928897E+00  0.59044907E+05  0.48463456E-01  0.17259913E+06
   0.99930558E+00  0.61206174E+05  0.47797851E-01  0.17260200E+06
   0.99932196E+00  0.63446991E+05  0.47141388E-01  0.17260483E+06
   0.99933812E+00  0.65770304E+05  0.46493941E-01  0.17260762E+06
   0.99935406E+00  0.68179163E+05  0.45855386E-01  0.17261037E+06
   0.99936978E+00  0.70676734E+05  0.45225601E-01  0.17261309E+06
   0.99938529E+00  0.73266301E+05  0.44604466E-01  0.17261577E+06
   0.99940058E+00  0.75951270E+05  0.43991861E-01  0.17261841E+06
   0.99941567E+00  0.78735173E+05  0.43387670E-01  0.17262101E+06
   0.99943054E+00  0.81621673E+05  0.42791777E-01  0.17262358E+06
   0.99944522E+00  0.84614571E+05  0.42204069E-01  0.17262612E+06
   0.99945969E+00  0.87717808E+05  0.41624431E-01  0.17262862E+06
   0.99947396E+00  0.90935470E+05  0.41052755E-01  0.17263108E+06
   0.99948804E+00  0.94271799E+05  0.40488930E-01  0.17263351E+06
   0.99950193E+00  0.97731191E+05  0.39932849E-01  0.17263591E+06
   0.99951562E+00  0.10131821E+06  0.39384405E-01  0.17263828E+06
   0.99952913E+00  0.10503758E+06  0.38843494E-01  0.17264061E+06
   0.99954245E+00  0.10889421E+06  0.38310011E-01  0.17264291E+06
   0.99955559E+00  0.11289320E+06  0.37783856E-01  0.17264518E+06
   0.99956855E+00  0.11703981E+06  0.37264926E-01  0.17264742E+06
   0.99958134E+00  0.12133953E+06  0.36753124E-01  0.17264963E+06
   0.99959394E+00  0.12579804E+06  0.36248351E-01  0.17265180E+06
   0.99960638E+00  0.13042122E+06  0.35750511E-01  0.17265395E+06
   0.99961864E+00  0.13521518E+06  0.35259508E-01  0.17265607E+06
   0.99963074E+00  0.14018627E+06  0.34775248E-01  0.17265816E+06
   0.99964267E+00  0.14534105E+06  0.34297639E-01  0.17266022E+06
   0.99965444E+00  0.15068635E+06  0.33826590E-01  0.17266225E+06
   0.99966604E+00  0.15622923E+06  0.33362011E-01  0.17266426E+06
   0.99967749E+00  0.16197703E+06  0.32903812E-01  0.17266623E+06
   0.99968878E+00  0.16793736E+06  0.32451906E-01  0.17266818E+06
   0.99969991E+00  0.17411811E+06  0.32006206E-01  0.17267011E+06
   0.99971090E+00  0.18052746E+06  0.31566628E-01  0.17267201E+06
   0.99972173E+00  0.18717392E+06  0.31133087E-01  0.17267388E+06
   0.99973241E+00  0.19406627E+06  0.30705501E-01  0.17267572E+06
   0.99974295E+00  0.20121367E+06  0.30283787E-01  0.17267754E+06
   0.99975334E+00  0.20862558E+06  0.29867864E-01  0.17267934E+06
   0.99976359E+00  0.21631183E+06  0.29457654E-01  0.17268111E+06
   0.99977370E+00  0.22428262E+06  0.29053079E-01  0.17268285E+06
   0.99978367E+00  0.23254852E+06  0.28654059E-01  0.17268458E+06
   0.99979351E+00  0.24112049E+06  0.28260520E-01  0.17268627E+06
   0.99980321E+00  0.25000993E+06  0.27872385E-01  0.17268795E+06
   0.99981278E+00  0.25922862E+06  0.27489582E-01  0.17268960E+06
   0.99982221E+00  0.26878880E+06  0.27112036E-01  0.17269123E+06
   0.99983152E+00  0.27870318E+06  0.26739675E-01  0.17269284E+06
   0.99984070E+00  0.28898492E+06  0.26372428E-01  0.17269442E+06
   0.99984975E+00  0.29964768E+06  0.26010225E-01  0.17269599E+06
   0.99985868E+00  0.31070563E+06  0.25652997E-01  0.17269753E+06
   0.99986748E+00  0.32217348E+06  0.25300674E-01  0.17269905E+06
   0.99987617E+00  0.33406646E+06  0.24953191E-01  0.17270055E+06
   0.99988474E+00  0.34640036E+06  0.24610480E-01  0.17270203E+06
   0.99989319E+00  0.35919168E+06  0.24272476E-01  0.17270349E+06
   0.99990152E+00  0.37245713E+06  0.23939114E-01  0.17270493E+06
   0.99990974E+00  0.38621533E+06  0.23610331E-01  0.17270635E+06
   0.99991784E+00  0.40048149E+06  0.23286063E-01  0.17270775E+06
   0.99992584E+00  0.41528440E+06  0.22966248E-01  0.17270913E+06
   0.99993372E+00  0.43061319E+06  0.22650826E-01  0.17271049E+06
   0.99994150E+00  0.44658072E+06  0.22339736E-01  0.17271184E+06
   0.99994917E+00  0.46293519E+06  0.22032919E-01  0.17271316E+06
   0.99995674E+00  0.48048468E+06  0.21730315E-01  0.17271447E+06
   0.99996420E+00  0.49707895E+06  0.21431868E-01  0.17271576E+06
   0.99997156E+00  0.51841908E+06  0.21137519E-01  0.17271703E+06
   0.99997882E+00  0.53102209E+06  0.20847213E-01  0.17271828E+06
   0.99998598E+00  0.56194566E+06  0.20560895E-01  0.17271952E+06
   0.99999304E+00  0.57596832E+06  0.20278508E-01  0.17272074E+06
   0.10000000E+01  0.53629542E+06  0.20000000E-01  0.17272194E+06
