   0.32771015E-02  0.15206826E-08  0.20000000E+05  0.10394828E+04
   0.33226839E-02  0.78636997E-08  0.19725317E+05  0.10539413E+04
   0.33687949E-02  0.12641425E-07  0.19454406E+05  0.10685675E+04
   0.34154401E-02  0.14534998E-07  0.19187217E+05  0.10833632E+04
   0.34626257E-02  0.16830609E-07  0.18923696E+05  0.10983303E+04
   0.35103577E-02  0.18817494E-07  0.18663795E+05  0.11134707E+04
   0.35586420E-02  0.20676029E-07  0.18407464E+05  0.11287862E+04
   0.36074848E-02  0.22479174E-07  0.18154653E+05  0.11442790E+04
   0.36568923E-02  0.24215711E-07  0.17905314E+05  0.11599508E+04
   0.37068709E-02  0.25921899E-07  0.17659400E+05  0.11758038E+04
   0.37574267E-02  0.27601360E-07  0.17416863E+05  0.11918399E+04
   0.38085662E-02  0.29266722E-07  0.17177657E+05  0.12080611E+04
   0.38602958E-02  0.30923918E-07  0.16941737E+05  0.12244696E+04
   0.39126222E-02  0.32579228E-07  0.16709056E+05  0.12410672E+04
   0.39655517E-02  0.34237295E-07  0.16479571E+05  0.12578563E+04
   0.40190912E-02  0.35902266E-07  0.16253238E+05  0.12748388E+04
   0.40732474E-02  0.37577585E-07  0.16030014E+05  0.12920169E+04
   0.41280269E-02  0.39266283E-07  0.15809855E+05  0.13093927E+04
   0.41834368E-02  0.40971166E-07  0.15592720E+05  0.13269685E+04
   0.42394839E-02  0.42694733E-07  0.15378567E+05  0.13447464E+04
   0.42961753E-02  0.44439197E-07  0.15167356E+05  0.13627287E+04
   0.43535180E-02  0.46206682E-07  0.14959045E+05  0.13809176E+04
   0.44115192E-02  0.47999141E-07  0.14753595E+05  0.13993153E+04
   0.44701861E-02  0.49818459E-07  0.14550967E+05  0.14179242E+04
   0.45295260E-02  0.51666377E-07  0.14351122E+05  0.14367466E+04
   0.45895463E-02  0.53544621E-07  0.14154021E+05  0.14557847E+04
   0.46502544E-02  0.55454857E-07  0.13959628E+05  0.14750411E+04
   0.47116579E-02  0.57398647E-07  0.13767904E+05  0.14945180E+04
   0.47737643E-02  0.59377672E-07  0.13578814E+05  0.15142179E+04
   0.48365813E-02  0.61393451E-07  0.13392320E+05  0.15341432E+04
   0.49001167E-02  0.63447360E-07  0.13208388E+05  0.15542964E+04
   0.49643783E-02  0.65541065E-07  0.13026982E+05  0.15746799E+04
   0.50293741E-02  0.67676131E-07  0.12848067E+05  0.15952963E+04
   0.50951120E-02  0.69854006E-07  0.12671610E+05  0.16161480E+04
   0.51616000E-02  0.72076225E-07  0.12497576E+05  0.16372378E+04
   0.52288464E-02  0.74344340E-07  0.12325933E+05  0.16585680E+04
   0.52968594E-02  0.76659852E-07  0.12156646E+05  0.16801415E+04
   0.53656473E-02  0.79024388E-07  0.11989685E+05  0.17019607E+04
   0.54352184E-02  0.81439445E-07  0.11825017E+05  0.17240284E+04
   0.55055814E-02  0.83906621E-07  0.11662610E+05  0.17463472E+04
   0.55767447E-02  0.86427528E-07  0.11502434E+05  0.17689199E+04
   0.56487170E-02  0.89003886E-07  0.11344458E+05  0.17917492E+04
   0.57215070E-02  0.91637363E-07  0.11188651E+05  0.18148379E+04
   0.57951236E-02  0.94329402E-07  0.11034985E+05  0.18381888E+04
   0.58695757E-02  0.97081889E-07  0.10883429E+05  0.18618047E+04
   0.59448723E-02  0.99896702E-07  0.10733954E+05  0.18856884E+04
   0.60210224E-02  0.10277551E-06  0.10586532E+05  0.19098429E+04
   0.60980354E-02  0.10572007E-06  0.10441135E+05  0.19342711E+04
   0.61759203E-02  0.10873233E-06  0.10297735E+05  0.19589759E+04
   0.62546867E-02  0.11181417E-06  0.10156304E+05  0.19839602E+04
   0.63343439E-02  0.11496754E-06  0.10016816E+05  0.20092272E+04
   0.64149015E-02  0.11819436E-06  0.98792435E+04  0.20347797E+04
   0.64963692E-02  0.12149674E-06  0.97435604E+04  0.20606209E+04
   0.65787566E-02  0.12487668E-06  0.96097409E+04  0.20867539E+04
   0.66620737E-02  0.12833637E-06  0.94777592E+04  0.21131817E+04
   0.67463303E-02  0.13187799E-06  0.93475902E+04  0.21399075E+04
   0.68315364E-02  0.13550353E-06  0.92192090E+04  0.21669345E+04
   0.69177022E-02  0.13921541E-06  0.90925909E+04  0.21942660E+04
   0.70048379E-02  0.14301604E-06  0.89677119E+04  0.22219051E+04
   0.70929539E-02  0.14690774E-06  0.88445480E+04  0.22498551E+04
   0.71820605E-02  0.15089297E-06  0.87230756E+04  0.22781193E+04
   0.72721682E-02  0.15497421E-06  0.86032715E+04  0.23067011E+04
   0.73632877E-02  0.15915394E-06  0.84851129E+04  0.23356038E+04
   0.74554297E-02  0.16343483E-06  0.83685770E+04  0.23648309E+04
   0.75486051E-02  0.16781965E-06  0.82536417E+04  0.23943857E+04
   0.76428246E-02  0.17231101E-06  0.81402849E+04  0.24242717E+04
   0.77380995E-02  0.17691183E-06  0.80284850E+04  0.24544925E+04
   0.78344408E-02  0.18162498E-06  0.79182205E+04  0.24850516E+04
   0.79318597E-02  0.18645365E-06  0.78094705E+04  0.25159524E+04
   0.80303676E-02  0.19140042E-06  0.77022140E+04  0.25471987E+04
   0.81299760E-02  0.19646854E-06  0.75964306E+04  0.25787941E+04
   0.82306964E-02  0.20166145E-06  0.74921001E+04  0.26107422E+04
   0.83325406E-02  0.20698230E-06  0.73892024E+04  0.26430467E+04
   0.84355202E-02  0.21243443E-06  0.72877180E+04  0.26757114E+04
   0.85396472E-02  0.21802141E-06  0.71876273E+04  0.27087401E+04
   0.86449337E-02  0.22374652E-06  0.70889113E+04  0.27421365E+04
   0.87513916E-02  0.22961360E-06  0.69915511E+04  0.27759045E+04
   0.88590333E-02  0.23562642E-06  0.68955281E+04  0.28100480E+04
   0.89678711E-02  0.24178864E-06  0.68008239E+04  0.28445709E+04
   0.90779175E-02  0.24810418E-06  0.67074203E+04  0.28794772E+04
   0.91891851E-02  0.25457726E-06  0.66152996E+04  0.29147708E+04
   0.93016864E-02  0.26121204E-06  0.65244440E+04  0.29504557E+04
   0.94154344E-02  0.26801237E-06  0.64348363E+04  0.29865361E+04
   0.95304420E-02  0.27498261E-06  0.63464593E+04  0.30230160E+04
   0.96467223E-02  0.28212762E-06  0.62592960E+04  0.30598996E+04
   0.97642884E-02  0.28945183E-06  0.61733299E+04  0.30971911E+04
   0.98831535E-02  0.29695996E-06  0.60885444E+04  0.31348946E+04
   0.10003331E-01  0.30465666E-06  0.60049234E+04  0.31730145E+04
   0.10124835E-01  0.31254703E-06  0.59224509E+04  0.32115550E+04
   0.10247678E-01  0.32063611E-06  0.58411110E+04  0.32505204E+04
   0.10371875E-01  0.32892908E-06  0.57608883E+04  0.32899151E+04
   0.10497440E-01  0.33743127E-06  0.56817674E+04  0.33297436E+04
   0.10624386E-01  0.34614824E-06  0.56037331E+04  0.33700103E+04
   0.10752727E-01  0.35508571E-06  0.55267706E+04  0.34107197E+04
   0.10882478E-01  0.36424955E-06  0.54508651E+04  0.34518762E+04
   0.11013654E-01  0.37364504E-06  0.53760020E+04  0.34934846E+04
   0.11146268E-01  0.38327868E-06  0.53021672E+04  0.35355493E+04
   0.11280336E-01  0.39315688E-06  0.52293464E+04  0.35780751E+04
   0.11415873E-01  0.40328609E-06  0.51575258E+04  0.36210667E+04
   0.11552892E-01  0.41367270E-06  0.50866915E+04  0.36645287E+04
   0.11691410E-01  0.42432362E-06  0.50168301E+04  0.37084660E+04
   0.11831442E-01  0.43524574E-06  0.49479282E+04  0.37528834E+04
   0.11973002E-01  0.44644601E-06  0.48799726E+04  0.37977858E+04
   0.12116107E-01  0.45793193E-06  0.48129503E+04  0.38431781E+04
   0.12260772E-01  0.46971131E-06  0.47468485E+04  0.38890651E+04
   0.12407012E-01  0.48179137E-06  0.46816546E+04  0.39354520E+04
   0.12554844E-01  0.49418039E-06  0.46173560E+04  0.39823437E+04
   0.12704284E-01  0.50688677E-06  0.45539405E+04  0.40297454E+04
   0.12855348E-01  0.51991772E-06  0.44913960E+04  0.40776621E+04
   0.13008051E-01  0.53328243E-06  0.44297105E+04  0.41260990E+04
   0.13162412E-01  0.54699055E-06  0.43688721E+04  0.41750614E+04
   0.13318445E-01  0.56105014E-06  0.43088694E+04  0.42245545E+04
   0.13476168E-01  0.57547049E-06  0.42496907E+04  0.42745837E+04
   0.13635598E-01  0.59026161E-06  0.41913248E+04  0.43251542E+04
   0.13796751E-01  0.60543337E-06  0.41337605E+04  0.43762714E+04
   0.13959646E-01  0.62099558E-06  0.40769868E+04  0.44279409E+04
   0.14124299E-01  0.63695847E-06  0.40209928E+04  0.44801680E+04
   0.14290727E-01  0.65333276E-06  0.39657679E+04  0.45329584E+04
   0.14458949E-01  0.67012910E-06  0.39113014E+04  0.45863175E+04
   0.14628981E-01  0.68735932E-06  0.38575830E+04  0.46402512E+04
   0.14800843E-01  0.70503483E-06  0.38046024E+04  0.46947649E+04
   0.14974551E-01  0.72316628E-06  0.37523494E+04  0.47498644E+04
   0.15150124E-01  0.74176653E-06  0.37008140E+04  0.48055556E+04
   0.15327581E-01  0.76084879E-06  0.36499865E+04  0.48618442E+04
   0.15506940E-01  0.78042521E-06  0.35998570E+04  0.49187361E+04
   0.15688220E-01  0.80050863E-06  0.35504160E+04  0.49762371E+04
   0.15871439E-01  0.82111286E-06  0.35016541E+04  0.50343534E+04
   0.16056616E-01  0.84225192E-06  0.34535618E+04  0.50930908E+04
   0.16243770E-01  0.86393970E-06  0.34061301E+04  0.51524555E+04
   0.16432922E-01  0.88619066E-06  0.33593497E+04  0.52124535E+04
   0.16624089E-01  0.90902044E-06  0.33132119E+04  0.52730910E+04
   0.16817293E-01  0.93244401E-06  0.32677078E+04  0.53343743E+04
   0.17012551E-01  0.95647806E-06  0.32228286E+04  0.53963095E+04
   0.17209885E-01  0.98113805E-06  0.31785657E+04  0.54589030E+04
   0.17409314E-01  0.10064396E-05  0.31349108E+04  0.55221612E+04
   0.17610859E-01  0.10324014E-05  0.30918555E+04  0.55860904E+04
   0.17814540E-01  0.10590415E-05  0.30493915E+04  0.56506971E+04
   0.18020378E-01  0.10863772E-05  0.30075106E+04  0.57159878E+04
   0.18228392E-01  0.11144272E-05  0.29662050E+04  0.57819692E+04
   0.18438605E-01  0.11432103E-05  0.29254667E+04  0.58486477E+04
   0.18651036E-01  0.11727468E-05  0.28852879E+04  0.59160301E+04
   0.18865708E-01  0.12030564E-05  0.28456609E+04  0.59841231E+04
   0.19082641E-01  0.12341606E-05  0.28065782E+04  0.60529334E+04
   0.19301858E-01  0.12660791E-05  0.27680322E+04  0.61224679E+04
   0.19523379E-01  0.12988360E-05  0.27300156E+04  0.61927334E+04
   0.19747226E-01  0.13324527E-05  0.26925212E+04  0.62637369E+04
   0.19973422E-01  0.13669512E-05  0.26555417E+04  0.63354854E+04
   0.20201989E-01  0.14023568E-05  0.26190700E+04  0.64079858E+04
   0.20432949E-01  0.14386939E-05  0.25830993E+04  0.64812453E+04
   0.20666324E-01  0.14759860E-05  0.25476226E+04  0.65552709E+04
   0.20902138E-01  0.15142602E-05  0.25126332E+04  0.66300699E+04
   0.21140412E-01  0.15535428E-05  0.24781243E+04  0.67056496E+04
   0.21381171E-01  0.15938615E-05  0.24440894E+04  0.67820172E+04
   0.21624436E-01  0.16352430E-05  0.24105219E+04  0.68591800E+04
   0.21870232E-01  0.16777176E-05  0.23774154E+04  0.69371455E+04
   0.22118582E-01  0.17213139E-05  0.23447636E+04  0.70159210E+04
   0.22369510E-01  0.17660609E-05  0.23125603E+04  0.70955143E+04
   0.22623039E-01  0.18119926E-05  0.22807992E+04  0.71759327E+04
   0.22879194E-01  0.18591400E-05  0.22494744E+04  0.72571839E+04
   0.23137998E-01  0.19075334E-05  0.22185797E+04  0.73392755E+04
   0.23399477E-01  0.19572096E-05  0.21881094E+04  0.74222154E+04
   0.23663654E-01  0.20082018E-05  0.21580576E+04  0.75060112E+04
   0.23930554E-01  0.20605472E-05  0.21284185E+04  0.75906708E+04
   0.24200202E-01  0.21142818E-05  0.20991865E+04  0.76762022E+04
   0.24472624E-01  0.21694432E-05  0.20703559E+04  0.77626131E+04
   0.24747844E-01  0.22260704E-05  0.20419213E+04  0.78499117E+04
   0.25025888E-01  0.22842026E-05  0.20138773E+04  0.79381060E+04
   0.25306780E-01  0.23438819E-05  0.19862184E+04  0.80272041E+04
   0.25590548E-01  0.24051495E-05  0.19589393E+04  0.81172141E+04
   0.25877217E-01  0.24680495E-05  0.19320350E+04  0.82081442E+04
   0.26166813E-01  0.25326278E-05  0.19055001E+04  0.83000028E+04
   0.26459362E-01  0.25989256E-05  0.18793297E+04  0.83927981E+04
   0.26754891E-01  0.26669906E-05  0.18535187E+04  0.84865386E+04
   0.27053426E-01  0.27368742E-05  0.18280621E+04  0.85812325E+04
   0.27354993E-01  0.28086255E-05  0.18029553E+04  0.86768886E+04
   0.27659621E-01  0.28822940E-05  0.17781932E+04  0.87735152E+04
   0.27967336E-01  0.29579338E-05  0.17537712E+04  0.88711210E+04
   0.28278165E-01  0.30355974E-05  0.17296847E+04  0.89697146E+04
   0.28592135E-01  0.31153417E-05  0.17059289E+04  0.90693047E+04
   0.28909275E-01  0.31972222E-05  0.16824994E+04  0.91699001E+04
   0.29229612E-01  0.32812984E-05  0.16593917E+04  0.92715096E+04
   0.29553174E-01  0.33676302E-05  0.16366014E+04  0.93741421E+04
   0.29879989E-01  0.34562817E-05  0.16141240E+04  0.94778064E+04
   0.30210085E-01  0.35473131E-05  0.15919554E+04  0.95825115E+04
   0.30543491E-01  0.36407870E-05  0.15700912E+04  0.96882665E+04
   0.30880236E-01  0.37367756E-05  0.15485274E+04  0.97950805E+04
   0.31220347E-01  0.38353488E-05  0.15272597E+04  0.99029625E+04
   0.31563855E-01  0.39365771E-05  0.15062840E+04  0.10011922E+05
   0.31910789E-01  0.40405310E-05  0.14855965E+04  0.10121968E+05
   0.32261177E-01  0.41472879E-05  0.14651931E+04  0.10233109E+05
   0.32615049E-01  0.42569235E-05  0.14450699E+04  0.10345356E+05
   0.32972435E-01  0.43695182E-05  0.14252231E+04  0.10458717E+05
   0.33333364E-01  0.44851543E-05  0.14056489E+04  0.10573203E+05
   0.33697867E-01  0.46039148E-05  0.13863435E+04  0.10688821E+05
   0.34065973E-01  0.47258879E-05  0.13673032E+04  0.10805583E+05
   0.34437713E-01  0.48511618E-05  0.13485244E+04  0.10923497E+05
   0.34813117E-01  0.49798224E-05  0.13300036E+04  0.11042574E+05
   0.35192216E-01  0.51119667E-05  0.13117371E+04  0.11162823E+05
   0.35575041E-01  0.52476938E-05  0.12937215E+04  0.11284253E+05
   0.35961622E-01  0.53871028E-05  0.12759534E+04  0.11406875E+05
   0.36351990E-01  0.55302943E-05  0.12584292E+04  0.11530698E+05
   0.36746178E-01  0.56773739E-05  0.12411458E+04  0.11655733E+05
   0.37144215E-01  0.58284471E-05  0.12240997E+04  0.11781988E+05
   0.37546134E-01  0.59836289E-05  0.12072877E+04  0.11909475E+05
   0.37951966E-01  0.61430281E-05  0.11907066E+04  0.12038204E+05
   0.38361744E-01  0.63067671E-05  0.11743533E+04  0.12168183E+05
   0.38775499E-01  0.64749666E-05  0.11582245E+04  0.12299425E+05
   0.39193262E-01  0.66477530E-05  0.11423173E+04  0.12431938E+05
   0.39615068E-01  0.68252430E-05  0.11266285E+04  0.12565732E+05
   0.40040947E-01  0.70075729E-05  0.11111552E+04  0.12700820E+05
   0.40470932E-01  0.71948771E-05  0.10958945E+04  0.12837209E+05
   0.40905057E-01  0.73873005E-05  0.10808433E+04  0.12974912E+05
   0.41343354E-01  0.75849844E-05  0.10659988E+04  0.13113938E+05
   0.41785856E-01  0.77880698E-05  0.10513582E+04  0.13254297E+05
   0.42232595E-01  0.79967112E-05  0.10369187E+04  0.13396001E+05
   0.42683607E-01  0.82110658E-05  0.10226775E+04  0.13539060E+05
   0.43138922E-01  0.84312899E-05  0.10086319E+04  0.13683484E+05
   0.43598576E-01  0.86575469E-05  0.99477919E+03  0.13829285E+05
   0.44062602E-01  0.88900091E-05  0.98111674E+03  0.13976472E+05
   0.44531033E-01  0.91288551E-05  0.96764193E+03  0.14125056E+05
   0.45003904E-01  0.93742597E-05  0.95435219E+03  0.14275048E+05
   0.45481247E-01  0.96263937E-05  0.94124497E+03  0.14426460E+05
   0.45963099E-01  0.98854536E-05  0.92831777E+03  0.14579301E+05
   0.46449492E-01  0.10151647E-04  0.91556811E+03  0.14733583E+05
   0.46940461E-01  0.10425160E-04  0.90299355E+03  0.14889316E+05
   0.47436041E-01  0.10706208E-04  0.89059170E+03  0.15046512E+05
   0.47936266E-01  0.10994996E-04  0.87836018E+03  0.15205182E+05
   0.48441171E-01  0.11291741E-04  0.86629664E+03  0.15365335E+05
   0.48950790E-01  0.11596672E-04  0.85439879E+03  0.15526984E+05
   0.49465159E-01  0.11910010E-04  0.84266435E+03  0.15690140E+05
   0.49984312E-01  0.12232005E-04  0.83109107E+03  0.15854813E+05
   0.50508285E-01  0.12562889E-04  0.81967673E+03  0.16021015E+05
   0.51037112E-01  0.12902932E-04  0.80841917E+03  0.16188757E+05
   0.51570828E-01  0.13252364E-04  0.79731621E+03  0.16358049E+05
   0.52109470E-01  0.13611463E-04  0.78636575E+03  0.16528904E+05
   0.52653073E-01  0.13980508E-04  0.77556568E+03  0.16701333E+05
   0.53201671E-01  0.14359768E-04  0.76491394E+03  0.16875346E+05
   0.53755302E-01  0.14749550E-04  0.75440850E+03  0.17050955E+05
   0.54313999E-01  0.15150131E-04  0.74404734E+03  0.17228171E+05
   0.54877799E-01  0.15561840E-04  0.73382848E+03  0.17407007E+05
   0.55446738E-01  0.15984956E-04  0.72374996E+03  0.17587472E+05
   0.56020852E-01  0.16419837E-04  0.71380987E+03  0.17769578E+05
   0.56600175E-01  0.16866806E-04  0.70400629E+03  0.17953337E+05
   0.57184745E-01  0.17326198E-04  0.69433736E+03  0.18138760E+05
   0.57774598E-01  0.17798374E-04  0.68480123E+03  0.18325859E+05
   0.58369768E-01  0.18283685E-04  0.67539606E+03  0.18514644E+05
   0.58970293E-01  0.18782504E-04  0.66612007E+03  0.18705128E+05
   0.59576208E-01  0.19295222E-04  0.65697147E+03  0.18897322E+05
   0.60187550E-01  0.19822228E-04  0.64794853E+03  0.19091237E+05
   0.60804354E-01  0.20363952E-04  0.63904950E+03  0.19286885E+05
   0.61426657E-01  0.20920784E-04  0.63027270E+03  0.19484277E+05
   0.62054495E-01  0.21493162E-04  0.62161643E+03  0.19683424E+05
   0.62687905E-01  0.22081519E-04  0.61307906E+03  0.19884339E+05
   0.63326921E-01  0.22686332E-04  0.60465894E+03  0.20087032E+05
   0.63971582E-01  0.23308048E-04  0.59635446E+03  0.20291516E+05
   0.64621922E-01  0.23947153E-04  0.58816403E+03  0.20497801E+05
   0.65277978E-01  0.24604163E-04  0.58008610E+03  0.20705899E+05
   0.65939786E-01  0.25279563E-04  0.57211911E+03  0.20915822E+05
   0.66607383E-01  0.25973871E-04  0.56426154E+03  0.21127581E+05
   0.67280804E-01  0.26687639E-04  0.55651188E+03  0.21341187E+05
   0.67960086E-01  0.27421422E-04  0.54886866E+03  0.21556653E+05
   0.68645264E-01  0.28175805E-04  0.54133041E+03  0.21773988E+05
   0.69336376E-01  0.28951363E-04  0.53389570E+03  0.21993206E+05
   0.70033455E-01  0.29748689E-04  0.52656309E+03  0.22214317E+05
   0.70736540E-01  0.30568418E-04  0.51933119E+03  0.22437332E+05
   0.71445665E-01  0.31411194E-04  0.51219862E+03  0.22662264E+05
   0.72160867E-01  0.32277680E-04  0.50516401E+03  0.22889123E+05
   0.72882180E-01  0.33168524E-04  0.49822601E+03  0.23117920E+05
   0.73609641E-01  0.34084449E-04  0.49138329E+03  0.23348668E+05
   0.74343286E-01  0.35026188E-04  0.48463456E+03  0.23581377E+05
   0.75083149E-01  0.35994417E-04  0.47797851E+03  0.23816058E+05
   0.75829267E-01  0.36989918E-04  0.47141388E+03  0.24052724E+05
   0.76581674E-01  0.38013520E-04  0.46493941E+03  0.24291384E+05
   0.77340406E-01  0.39065992E-04  0.45855386E+03  0.24532051E+05
   0.78105497E-01  0.40148152E-04  0.45225601E+03  0.24774734E+05
   0.78876984E-01  0.41260856E-04  0.44604466E+03  0.25019447E+05
   0.79654900E-01  0.42405003E-04  0.43991861E+03  0.25266198E+05
   0.80439280E-01  0.43581462E-04  0.43387670E+03  0.25515001E+05
   0.81230159E-01  0.44791181E-04  0.42791777E+03  0.25765864E+05
   0.82027572E-01  0.46035088E-04  0.42204069E+03  0.26018800E+05
   0.82831552E-01  0.47314184E-04  0.41624431E+03  0.26273819E+05
   0.83642133E-01  0.48629523E-04  0.41052755E+03  0.26530932E+05
   0.84459349E-01  0.49982045E-04  0.40488930E+03  0.26790149E+05
   0.85283235E-01  0.51372842E-04  0.39932849E+03  0.27051483E+05
   0.86113823E-01  0.52803049E-04  0.39384405E+03  0.27314942E+05
   0.86951147E-01  0.54273800E-04  0.38843494E+03  0.27580537E+05
   0.87795240E-01  0.55786229E-04  0.38310011E+03  0.27848280E+05
   0.88646136E-01  0.57341560E-04  0.37783856E+03  0.28118180E+05
   0.89503866E-01  0.58941006E-04  0.37264926E+03  0.28390249E+05
   0.90368463E-01  0.60585812E-04  0.36753124E+03  0.28664495E+05
   0.91239959E-01  0.62277350E-04  0.36248351E+03  0.28940930E+05
   0.92118386E-01  0.64016882E-04  0.35750511E+03  0.29219564E+05
   0.93003777E-01  0.65805810E-04  0.35259508E+03  0.29500406E+05
   0.93896162E-01  0.67645613E-04  0.34775248E+03  0.29783467E+05
   0.94795573E-01  0.69537651E-04  0.34297639E+03  0.30068756E+05
   0.95702040E-01  0.71483469E-04  0.33826590E+03  0.30356283E+05
   0.96615594E-01  0.73484585E-04  0.33362011E+03  0.30646059E+05
   0.97536266E-01  0.75542647E-04  0.32903812E+03  0.30938092E+05
   0.98464085E-01  0.77659297E-04  0.32451906E+03  0.31232393E+05
   0.99399082E-01  0.79836143E-04  0.32006206E+03  0.31528970E+05
   0.10034128E+00  0.82074940E-04  0.31566628E+03  0.31827832E+05
   0.10129072E+00  0.84377507E-04  0.31133087E+03  0.32128990E+05
   0.10224743E+00  0.86745590E-04  0.30705501E+03  0.32432452E+05
   0.10321142E+00  0.89181174E-04  0.30283787E+03  0.32738228E+05
   0.10418274E+00  0.91686095E-04  0.29867864E+03  0.33046325E+05
   0.10516140E+00  0.94262406E-04  0.29457654E+03  0.33356753E+05
   0.10614744E+00  0.96912205E-04  0.29053079E+03  0.33669521E+05
   0.10714088E+00  0.99637450E-04  0.28654059E+03  0.33984637E+05
   0.10814175E+00  0.10244033E-03  0.28260520E+03  0.34302108E+05
   0.10915008E+00  0.10532321E-03  0.27872385E+03  0.34621945E+05
   0.11016589E+00  0.10828826E-03  0.27489582E+03  0.34944154E+05
   0.11118920E+00  0.11133790E-03  0.27112036E+03  0.35268744E+05
   0.11222004E+00  0.11447456E-03  0.26739675E+03  0.35595723E+05
   0.11325843E+00  0.11770067E-03  0.26372428E+03  0.35925098E+05
   0.11430441E+00  0.12101881E-03  0.26010225E+03  0.36256877E+05
   0.11535799E+00  0.12443164E-03  0.25652997E+03  0.36591067E+05
   0.11641919E+00  0.12794190E-03  0.25300674E+03  0.36927675E+05
   0.11748803E+00  0.13155230E-03  0.24953191E+03  0.37266709E+05
   0.11856455E+00  0.13526575E-03  0.24610480E+03  0.37608176E+05
   0.11964876E+00  0.13908526E-03  0.24272476E+03  0.37952082E+05
   0.12074068E+00  0.14301364E-03  0.23939114E+03  0.38298434E+05
   0.12184033E+00  0.14705413E-03  0.23610331E+03  0.38647238E+05
   0.12294773E+00  0.15121007E-03  0.23286063E+03  0.38998502E+05
   0.12406290E+00  0.15548455E-03  0.22966248E+03  0.39352230E+05
   0.12518586E+00  0.15988109E-03  0.22650826E+03  0.39708429E+05
   0.12631663E+00  0.16440309E-03  0.22339736E+03  0.40067104E+05
   0.12745523E+00  0.16905419E-03  0.22032919E+03  0.40428262E+05
   0.12860167E+00  0.17383799E-03  0.21730315E+03  0.40791907E+05
   0.12975596E+00  0.17875828E-03  0.21431868E+03  0.41158045E+05
   0.13091813E+00  0.18381910E-03  0.21137519E+03  0.41526680E+05
   0.13208819E+00  0.18902415E-03  0.20847213E+03  0.41897818E+05
   0.13326616E+00  0.19437785E-03  0.20560895E+03  0.42271464E+05
   0.13445204E+00  0.19988424E-03  0.20278508E+03  0.42647621E+05
   0.13564586E+00  0.20554761E-03  0.20000000E+03  0.43026294E+05
   0.13684761E+00  0.21137244E-03  0.19725317E+03  0.43407486E+05
   0.13805733E+00  0.21736349E-03  0.19454406E+03  0.43791203E+05
   0.13927501E+00  0.22352528E-03  0.19187217E+03  0.44177446E+05
   0.14050067E+00  0.22986260E-03  0.18923696E+03  0.44566220E+05
   0.14173432E+00  0.23638061E-03  0.18663795E+03  0.44957528E+05
   0.14297596E+00  0.24308429E-03  0.18407464E+03  0.45351373E+05
   0.14422561E+00  0.24997884E-03  0.18154653E+03  0.45747757E+05
   0.14548328E+00  0.25706980E-03  0.17905314E+03  0.46146682E+05
   0.14674896E+00  0.26436250E-03  0.17659400E+03  0.46548152E+05
   0.14802267E+00  0.27186284E-03  0.17416863E+03  0.46952168E+05
   0.14930442E+00  0.27957653E-03  0.17177657E+03  0.47358732E+05
   0.15059420E+00  0.28750967E-03  0.16941737E+03  0.47767846E+05
   0.15189202E+00  0.29566816E-03  0.16709056E+03  0.48179510E+05
   0.15319789E+00  0.30405836E-03  0.16479571E+03  0.48593726E+05
   0.15451181E+00  0.31268712E-03  0.16253238E+03  0.49010494E+05
   0.15583377E+00  0.32156082E-03  0.16030014E+03  0.49429816E+05
   0.15716379E+00  0.33068643E-03  0.15809855E+03  0.49851691E+05
   0.15850186E+00  0.34007080E-03  0.15592720E+03  0.50276120E+05
   0.15984797E+00  0.34972145E-03  0.15378567E+03  0.50703103E+05
   0.16120214E+00  0.35964548E-03  0.15167356E+03  0.51132638E+05
   0.16256435E+00  0.36985058E-03  0.14959045E+03  0.51564726E+05
   0.16393460E+00  0.38034470E-03  0.14753595E+03  0.51999365E+05
   0.16531290E+00  0.39113596E-03  0.14550967E+03  0.52436554E+05
   0.16669922E+00  0.40223203E-03  0.14351122E+03  0.52876291E+05
   0.16809358E+00  0.41364178E-03  0.14154021E+03  0.53318575E+05
   0.16949596E+00  0.42537401E-03  0.13959628E+03  0.53763404E+05
   0.17090636E+00  0.43743705E-03  0.13767904E+03  0.54210776E+05
   0.17232476E+00  0.44984024E-03  0.13578814E+03  0.54660687E+05
   0.17375116E+00  0.46259317E-03  0.13392320E+03  0.55113136E+05
   0.17518555E+00  0.47570534E-03  0.13208388E+03  0.55568119E+05
   0.17662792E+00  0.48918665E-03  0.13026982E+03  0.56025632E+05
   0.17807825E+00  0.50304695E-03  0.12848067E+03  0.56485672E+05
   0.17953654E+00  0.51729670E-03  0.12671610E+03  0.56948235E+05
   0.18100277E+00  0.53194664E-03  0.12497576E+03  0.57413316E+05
   0.18247693E+00  0.54700728E-03  0.12325933E+03  0.57880912E+05
   0.18395900E+00  0.56249014E-03  0.12156646E+03  0.58351018E+05
   0.18544896E+00  0.57840660E-03  0.11989685E+03  0.58823627E+05
   0.18694680E+00  0.59476837E-03  0.11825017E+03  0.59298736E+05
   0.18845250E+00  0.61158699E-03  0.11662610E+03  0.59776338E+05
   0.18996604E+00  0.62887585E-03  0.11502434E+03  0.60256428E+05
   0.19148741E+00  0.64664648E-03  0.11344458E+03  0.60738999E+05
   0.19301658E+00  0.66491191E-03  0.11188651E+03  0.61224045E+05
   0.19455353E+00  0.68368615E-03  0.11034985E+03  0.61711559E+05
   0.19609824E+00  0.70298206E-03  0.10883429E+03  0.62201534E+05
   0.19765068E+00  0.72281368E-03  0.10733954E+03  0.62693963E+05
   0.19921084E+00  0.74319559E-03  0.10586532E+03  0.63188837E+05
   0.20077868E+00  0.76414225E-03  0.10441135E+03  0.63686151E+05
   0.20235418E+00  0.78566788E-03  0.10297735E+03  0.64185894E+05
   0.20393732E+00  0.80778812E-03  0.10156304E+03  0.64688059E+05
   0.20552807E+00  0.83051898E-03  0.10016816E+03  0.65192636E+05
   0.20712639E+00  0.85387611E-03  0.98792435E+02  0.65699618E+05
   0.20873226E+00  0.87787573E-03  0.97435604E+02  0.66208994E+05
   0.21034566E+00  0.90253494E-03  0.96097409E+02  0.66720756E+05
   0.21196654E+00  0.92787055E-03  0.94777592E+02  0.67234893E+05
   0.21359488E+00  0.95390027E-03  0.93475902E+02  0.67751395E+05
   0.21523064E+00  0.98064173E-03  0.92192090E+02  0.68270252E+05
   0.21687379E+00  0.10081134E-02  0.90925909E+02  0.68791453E+05
   0.21852430E+00  0.10363340E-02  0.89677119E+02  0.69314988E+05
   0.22018214E+00  0.10653229E-02  0.88445480E+02  0.69840845E+05
   0.22184725E+00  0.10950989E-02  0.87230756E+02  0.70369014E+05
   0.22351962E+00  0.11256820E-02  0.86032715E+02  0.70899481E+05
   0.22519920E+00  0.11570938E-02  0.84851129E+02  0.71432236E+05
   0.22688595E+00  0.11893549E-02  0.83685770E+02  0.71967266E+05
   0.22857983E+00  0.12224853E-02  0.82536417E+02  0.72504560E+05
   0.23028081E+00  0.12565074E-02  0.81402849E+02  0.73044103E+05
   0.23198885E+00  0.12914438E-02  0.80284850E+02  0.73585884E+05
   0.23370389E+00  0.13273164E-02  0.79182205E+02  0.74129890E+05
   0.23542591E+00  0.13641485E-02  0.78094705E+02  0.74676106E+05
   0.23715486E+00  0.14019636E-02  0.77022140E+02  0.75224520E+05
   0.23889069E+00  0.14407865E-02  0.75964306E+02  0.75775118E+05
   0.24063336E+00  0.14806407E-02  0.74921001E+02  0.76327886E+05
   0.24238282E+00  0.15215520E-02  0.73892024E+02  0.76882810E+05
   0.24413904E+00  0.15635453E-02  0.72877180E+02  0.77439875E+05
   0.24590197E+00  0.16066461E-02  0.71876273E+02  0.77999067E+05
   0.24767155E+00  0.16508817E-02  0.70889113E+02  0.78560371E+05
   0.24944774E+00  0.16962784E-02  0.69915511E+02  0.79123772E+05
   0.25123050E+00  0.17428630E-02  0.68955281E+02  0.79689255E+05
   0.25301977E+00  0.17906656E-02  0.68008239E+02  0.80256805E+05
   0.25481551E+00  0.18397138E-02  0.67074203E+02  0.80826407E+05
   0.25661767E+00  0.18900345E-02  0.66152996E+02  0.81398044E+05
   0.25842620E+00  0.19416588E-02  0.65244440E+02  0.81971701E+05
   0.26024104E+00  0.19946163E-02  0.64348363E+02  0.82547362E+05
   0.26206216E+00  0.20489365E-02  0.63464593E+02  0.83125012E+05
   0.26388949E+00  0.21046516E-02  0.62592960E+02  0.83704633E+05
   0.26572298E+00  0.21617927E-02  0.61733299E+02  0.84286210E+05
   0.26756259E+00  0.22203901E-02  0.60885444E+02  0.84869726E+05
   0.26940826E+00  0.22804769E-02  0.60049234E+02  0.85455165E+05
   0.27125994E+00  0.23420874E-02  0.59224509E+02  0.86042511E+05
   0.27311758E+00  0.24052532E-02  0.58411110E+02  0.86631746E+05
   0.27498113E+00  0.24700071E-02  0.57608883E+02  0.87222854E+05
   0.27685052E+00  0.25363841E-02  0.56817674E+02  0.87815818E+05
   0.27872571E+00  0.26044217E-02  0.56037331E+02  0.88410621E+05
   0.28060665E+00  0.26741525E-02  0.55267706E+02  0.89007246E+05
   0.28249328E+00  0.27456100E-02  0.54508651E+02  0.89605677E+05
   0.28438554E+00  0.28188331E-02  0.53760020E+02  0.90205896E+05
   0.28628339E+00  0.28938581E-02  0.53021672E+02  0.90807886E+05
   0.28818678E+00  0.29707195E-02  0.52293464E+02  0.91411630E+05
   0.29009563E+00  0.30494562E-02  0.51575258E+02  0.92017112E+05
   0.29200991E+00  0.31301075E-02  0.50866915E+02  0.92624314E+05
   0.29392956E+00  0.32127092E-02  0.50168301E+02  0.93233219E+05
   0.29585453E+00  0.32972974E-02  0.49479282E+02  0.93843810E+05
   0.29778476E+00  0.33839156E-02  0.48799726E+02  0.94456070E+05
   0.29972020E+00  0.34725997E-02  0.48129503E+02  0.95069983E+05
   0.30166079E+00  0.35633876E-02  0.47468485E+02  0.95685531E+05
   0.30360649E+00  0.36563242E-02  0.46816546E+02  0.96302697E+05
   0.30555723E+00  0.37514496E-02  0.46173560E+02  0.96921466E+05
   0.30751298E+00  0.38487988E-02  0.45539405E+02  0.97541820E+05
   0.30947367E+00  0.39484142E-02  0.44913960E+02  0.98163743E+05
   0.31143925E+00  0.40503387E-02  0.44297105E+02  0.98787218E+05
   0.31340968E+00  0.41546123E-02  0.43688721E+02  0.99412229E+05
   0.31538490E+00  0.42612747E-02  0.43088694E+02  0.10003876E+06
   0.31736486E+00  0.43703712E-02  0.42496907E+02  0.10066679E+06
   0.31934950E+00  0.44819400E-02  0.41913248E+02  0.10129632E+06
   0.32133879E+00  0.45960268E-02  0.41337605E+02  0.10192731E+06
   0.32333267E+00  0.47126697E-02  0.40769868E+02  0.10255976E+06
   0.32533109E+00  0.48319145E-02  0.40209928E+02  0.10319365E+06
   0.32733401E+00  0.49537988E-02  0.39657679E+02  0.10382897E+06
   0.32934137E+00  0.50783704E-02  0.39113014E+02  0.10446569E+06
   0.33135313E+00  0.52056755E-02  0.38575830E+02  0.10510381E+06
   0.33336923E+00  0.53357495E-02  0.38046024E+02  0.10574332E+06
   0.33538965E+00  0.54686380E-02  0.37523494E+02  0.10638418E+06
   0.33741432E+00  0.56043854E-02  0.37008140E+02  0.10702640E+06
   0.33944321E+00  0.57430328E-02  0.36499865E+02  0.10766995E+06
   0.34147626E+00  0.58846274E-02  0.35998570E+02  0.10831483E+06
   0.34351344E+00  0.60292094E-02  0.35504160E+02  0.10896102E+06
   0.34555470E+00  0.61768241E-02  0.35016541E+02  0.10960850E+06
   0.34760000E+00  0.63275188E-02  0.34535618E+02  0.11025726E+06
   0.34964930E+00  0.64813311E-02  0.34061301E+02  0.11090728E+06
   0.35170255E+00  0.66383114E-02  0.33593497E+02  0.11155857E+06
   0.35375972E+00  0.67984947E-02  0.33132119E+02  0.11221109E+06
   0.35582076E+00  0.69619408E-02  0.32677078E+02  0.11286484E+06
   0.35788563E+00  0.71286883E-02  0.32228286E+02  0.11351981E+06
   0.35995429E+00  0.72987829E-02  0.31785657E+02  0.11417598E+06
   0.36202671E+00  0.74722654E-02  0.31349108E+02  0.11483334E+06
   0.36410284E+00  0.76491808E-02  0.30918555E+02  0.11549188E+06
   0.36618264E+00  0.78295842E-02  0.30493915E+02  0.11615159E+06
   0.36826609E+00  0.80135174E-02  0.30075106E+02  0.11681245E+06
   0.37035314E+00  0.82010282E-02  0.29662050E+02  0.11747445E+06
   0.37244375E+00  0.83921624E-02  0.29254667E+02  0.11813759E+06
   0.37453789E+00  0.85869735E-02  0.28852879E+02  0.11880184E+06
   0.37663552E+00  0.87855078E-02  0.28456609E+02  0.11946720E+06
   0.37873660E+00  0.89878098E-02  0.28065782E+02  0.12013365E+06
   0.38084110E+00  0.91939380E-02  0.27680322E+02  0.12080119E+06
   0.38294898E+00  0.94039462E-02  0.27300156E+02  0.12146980E+06
   0.38506021E+00  0.96178810E-02  0.26925212E+02  0.12213948E+06
   0.38717475E+00  0.98357940E-02  0.26555417E+02  0.12281020E+06
   0.38929255E+00  0.10057742E-01  0.26190700E+02  0.12348196E+06
   0.39141360E+00  0.10283778E-01  0.25830993E+02  0.12415474E+06
   0.39353784E+00  0.10513966E-01  0.25476226E+02  0.12482854E+06
   0.39566524E+00  0.10748356E-01  0.25126332E+02  0.12550335E+06
   0.39779577E+00  0.10987017E-01  0.24781243E+02  0.12617914E+06
   0.39992939E+00  0.11229997E-01  0.24440894E+02  0.12685592E+06
   0.40206606E+00  0.11477376E-01  0.24105219E+02  0.12753366E+06
   0.40420573E+00  0.11729205E-01  0.23774154E+02  0.12821235E+06
   0.40634838E+00  0.11985551E-01  0.23447636E+02  0.12889199E+06
   0.40849397E+00  0.12246494E-01  0.23125603E+02  0.12957256E+06
   0.41064244E+00  0.12512105E-01  0.22807992E+02  0.13025405E+06
   0.41279376E+00  0.12782446E-01  0.22494744E+02  0.13093644E+06
   0.41494789E+00  0.13057595E-01  0.22185797E+02  0.13161972E+06
   0.41710479E+00  0.13337633E-01  0.21881094E+02  0.13230388E+06
   0.41926440E+00  0.13622640E-01  0.21580576E+02  0.13298890E+06
   0.42142669E+00  0.13912695E-01  0.21284185E+02  0.13367477E+06
   0.42359161E+00  0.14207894E-01  0.20991865E+02  0.13436147E+06
   0.42575911E+00  0.14508317E-01  0.20703559E+02  0.13504899E+06
   0.42792914E+00  0.14814066E-01  0.20419213E+02  0.13573732E+06
   0.43010165E+00  0.15125227E-01  0.20138773E+02  0.13642643E+06
   0.43227659E+00  0.15441901E-01  0.19862184E+02  0.13711631E+06
   0.43445391E+00  0.15764192E-01  0.19589393E+02  0.13780695E+06
   0.43663355E+00  0.16092205E-01  0.19320350E+02  0.13849832E+06
   0.43881545E+00  0.16426066E-01  0.19055001E+02  0.13919041E+06
   0.44099956E+00  0.16765863E-01  0.18793297E+02  0.13988320E+06
   0.44318582E+00  0.17111725E-01  0.18535187E+02  0.14057667E+06
   0.44537417E+00  0.17463779E-01  0.18280621E+02  0.14127081E+06
   0.44756453E+00  0.17822147E-01  0.18029553E+02  0.14196558E+06
   0.44975686E+00  0.18186960E-01  0.17781932E+02  0.14266098E+06
   0.45195108E+00  0.18558347E-01  0.17537712E+02  0.14335698E+06
   0.45414711E+00  0.18936458E-01  0.17296847E+02  0.14405355E+06
   0.45634490E+00  0.19321441E-01  0.17059289E+02  0.14475068E+06
   0.45854437E+00  0.19713436E-01  0.16824994E+02  0.14544834E+06
   0.46074544E+00  0.20112582E-01  0.16593917E+02  0.14614651E+06
   0.46294804E+00  0.20519072E-01  0.16366014E+02  0.14684517E+06
   0.46515208E+00  0.20933053E-01  0.16141240E+02  0.14754428E+06
   0.46735750E+00  0.21354700E-01  0.15919554E+02  0.14824383E+06
   0.46956420E+00  0.21784187E-01  0.15700912E+02  0.14894378E+06
   0.47177209E+00  0.22221689E-01  0.15485274E+02  0.14964412E+06
   0.47398110E+00  0.22667405E-01  0.15272597E+02  0.15034481E+06
   0.47619114E+00  0.23121515E-01  0.15062840E+02  0.15104582E+06
   0.47840211E+00  0.23584223E-01  0.14855965E+02  0.15174713E+06
   0.48061392E+00  0.24055745E-01  0.14651931E+02  0.15244871E+06
   0.48282647E+00  0.24536282E-01  0.14450699E+02  0.15315052E+06
   0.48503968E+00  0.25026043E-01  0.14252231E+02  0.15385254E+06
   0.48725343E+00  0.25525268E-01  0.14056489E+02  0.15455473E+06
   0.48946763E+00  0.26034185E-01  0.13863435E+02  0.15525707E+06
   0.49168218E+00  0.26553005E-01  0.13673032E+02  0.15595952E+06
   0.49389698E+00  0.27082003E-01  0.13485244E+02  0.15666204E+06
   0.49611191E+00  0.27621419E-01  0.13300036E+02  0.15736461E+06
   0.49832687E+00  0.28171521E-01  0.13117371E+02  0.15806718E+06
   0.50054175E+00  0.28732551E-01  0.12937215E+02  0.15876973E+06
   0.50275644E+00  0.29304788E-01  0.12759534E+02  0.15947222E+06
   0.50497083E+00  0.29888516E-01  0.12584292E+02  0.16017462E+06
   0.50718480E+00  0.30484022E-01  0.12411458E+02  0.16087688E+06
   0.50939823E+00  0.31091591E-01  0.12240997E+02  0.16157897E+06
   0.51161102E+00  0.31711527E-01  0.12072877E+02  0.16228086E+06
   0.51382304E+00  0.32344149E-01  0.11907066E+02  0.16298250E+06
   0.51603417E+00  0.32989759E-01  0.11743533E+02  0.16368386E+06
   0.51824430E+00  0.33648692E-01  0.11582245E+02  0.16438491E+06
   0.52045330E+00  0.34321274E-01  0.11423173E+02  0.16508559E+06
   0.52266104E+00  0.35007850E-01  0.11266285E+02  0.16578588E+06
   0.52486742E+00  0.35708759E-01  0.11111552E+02  0.16648573E+06
   0.52707229E+00  0.36424373E-01  0.10958945E+02  0.16718511E+06
   0.52927555E+00  0.37155063E-01  0.10808433E+02  0.16788397E+06
   0.53147705E+00  0.37901177E-01  0.10659988E+02  0.16858228E+06
   0.53367669E+00  0.38663124E-01  0.10513582E+02  0.16928000E+06
   0.53587432E+00  0.39441276E-01  0.10369187E+02  0.16997708E+06
   0.53806983E+00  0.40236034E-01  0.10226775E+02  0.17067348E+06
   0.54026308E+00  0.41047837E-01  0.10086319E+02  0.17136917E+06
   0.54245396E+00  0.41877079E-01  0.99477919E+01  0.17206411E+06
   0.54464233E+00  0.42724184E-01  0.98111674E+01  0.17275825E+06
   0.54682806E+00  0.43589615E-01  0.96764193E+01  0.17345156E+06
   0.54901104E+00  0.44473801E-01  0.95435219E+01  0.17414399E+06
   0.55119112E+00  0.45377205E-01  0.94124497E+01  0.17483550E+06
   0.55336820E+00  0.46300287E-01  0.92831777E+01  0.17552606E+06
   0.55554213E+00  0.47243530E-01  0.91556811E+01  0.17621562E+06
   0.55771280E+00  0.48207420E-01  0.90299355E+01  0.17690415E+06
   0.55988008E+00  0.49192460E-01  0.89059170E+01  0.17759160E+06
   0.56204385E+00  0.50199165E-01  0.87836018E+01  0.17827794E+06
   0.56420398E+00  0.51228037E-01  0.86629664E+01  0.17896312E+06
   0.56636035E+00  0.52279597E-01  0.85439879E+01  0.17964712E+06
   0.56851285E+00  0.53354405E-01  0.84266435E+01  0.18032988E+06
   0.57066134E+00  0.54453008E-01  0.83109107E+01  0.18101137E+06
   0.57280571E+00  0.55575946E-01  0.81967673E+01  0.18169156E+06
   0.57494585E+00  0.56723816E-01  0.80841917E+01  0.18237040E+06
   0.57708163E+00  0.57897183E-01  0.79731621E+01  0.18304786E+06
   0.57921294E+00  0.59096655E-01  0.78636575E+01  0.18372390E+06
   0.58133967E+00  0.60322822E-01  0.77556568E+01  0.18439849E+06
   0.58346171E+00  0.61576309E-01  0.76491394E+01  0.18507159E+06
   0.58557894E+00  0.62857724E-01  0.75440850E+01  0.18574317E+06
   0.58769125E+00  0.64167757E-01  0.74404734E+01  0.18641319E+06
   0.58979855E+00  0.65507011E-01  0.73382848E+01  0.18708161E+06
   0.59190071E+00  0.66876149E-01  0.72374996E+01  0.18774841E+06
   0.59399765E+00  0.68275859E-01  0.71380987E+01  0.18841355E+06
   0.59608925E+00  0.69706846E-01  0.70400629E+01  0.18907700E+06
   0.59817542E+00  0.71169775E-01  0.69433736E+01  0.18973872E+06
   0.60025606E+00  0.72665366E-01  0.68480123E+01  0.19039869E+06
   0.60233108E+00  0.74194339E-01  0.67539606E+01  0.19105688E+06
   0.60440038E+00  0.75757427E-01  0.66612007E+01  0.19171325E+06
   0.60646388E+00  0.77355377E-01  0.65697147E+01  0.19236778E+06
   0.60852147E+00  0.78988946E-01  0.64794853E+01  0.19302045E+06
   0.61057309E+00  0.80658902E-01  0.63904950E+01  0.19367121E+06
   0.61261864E+00  0.82366019E-01  0.63027270E+01  0.19432005E+06
   0.61465803E+00  0.84111095E-01  0.62161643E+01  0.19496694E+06
   0.61669121E+00  0.85894924E-01  0.61307906E+01  0.19561185E+06
   0.61871807E+00  0.87718348E-01  0.60465894E+01  0.19625476E+06
   0.62073856E+00  0.89582175E-01  0.59635446E+01  0.19689566E+06
   0.62275260E+00  0.91487252E-01  0.58816403E+01  0.19753450E+06
   0.62476013E+00  0.93434419E-01  0.58008610E+01  0.19817128E+06
   0.62676106E+00  0.95424541E-01  0.57211911E+01  0.19880597E+06
   0.62875535E+00  0.97458527E-01  0.56426154E+01  0.19943855E+06
   0.63074292E+00  0.99537242E-01  0.55651188E+01  0.20006900E+06
   0.63272373E+00  0.10166157E+00  0.54886866E+01  0.20069730E+06
   0.63469771E+00  0.10383244E+00  0.54133041E+01  0.20132344E+06
   0.63666482E+00  0.10605078E+00  0.53389570E+01  0.20194740E+06
   0.63862499E+00  0.10831753E+00  0.52656309E+01  0.20256915E+06
   0.64057819E+00  0.11063358E+00  0.51933119E+01  0.20318870E+06
   0.64252436E+00  0.11299993E+00  0.51219862E+01  0.20380602E+06
   0.64446347E+00  0.11541755E+00  0.50516401E+01  0.20442109E+06
   0.64639547E+00  0.11788740E+00  0.49822601E+01  0.20503392E+06
   0.64832032E+00  0.12041049E+00  0.49138329E+01  0.20564447E+06
   0.65023800E+00  0.12298781E+00  0.48463456E+01  0.20625275E+06
   0.65214847E+00  0.12562035E+00  0.47797851E+01  0.20685874E+06
   0.65405169E+00  0.12830917E+00  0.47141388E+01  0.20746244E+06
   0.65594765E+00  0.13105527E+00  0.46493941E+01  0.20806383E+06
   0.65783631E+00  0.13385970E+00  0.45855386E+01  0.20866291E+06
   0.65971766E+00  0.13672352E+00  0.45225601E+01  0.20925966E+06
   0.66159168E+00  0.13964777E+00  0.44604466E+01  0.20985409E+06
   0.66345834E+00  0.14263353E+00  0.43991861E+01  0.21044619E+06
   0.66531764E+00  0.14568191E+00  0.43387670E+01  0.21103595E+06
   0.66716956E+00  0.14879397E+00  0.42791777E+01  0.21162337E+06
   0.66901409E+00  0.15197080E+00  0.42204069E+01  0.21220845E+06
   0.67085122E+00  0.15521354E+00  0.41624431E+01  0.21279118E+06
   0.67268096E+00  0.15852326E+00  0.41052755E+01  0.21337156E+06
   0.67450329E+00  0.16190114E+00  0.40488930E+01  0.21394960E+06
   0.67631822E+00  0.16534828E+00  0.39932849E+01  0.21452529E+06
   0.67812574E+00  0.16886583E+00  0.39384405E+01  0.21509863E+06
   0.67992587E+00  0.17245498E+00  0.38843494E+01  0.21566962E+06
   0.68171861E+00  0.17611682E+00  0.38310011E+01  0.21623827E+06
   0.68350397E+00  0.17985256E+00  0.37783856E+01  0.21680458E+06
   0.68528195E+00  0.18366338E+00  0.37264926E+01  0.21736854E+06
   0.68705257E+00  0.18755043E+00  0.36753124E+01  0.21793018E+06
   0.68881585E+00  0.19151495E+00  0.36248351E+01  0.21848948E+06
   0.69057180E+00  0.19555812E+00  0.35750511E+01  0.21904646E+06
   0.69232044E+00  0.19968115E+00  0.35259508E+01  0.21960112E+06
   0.69406179E+00  0.20388528E+00  0.34775248E+01  0.22015347E+06
   0.69579587E+00  0.20817168E+00  0.34297639E+01  0.22070352E+06
   0.69752271E+00  0.21254165E+00  0.33826590E+01  0.22125126E+06
   0.69924233E+00  0.21699639E+00  0.33362011E+01  0.22179672E+06
   0.70095476E+00  0.22153716E+00  0.32903812E+01  0.22233989E+06
   0.70266003E+00  0.22616526E+00  0.32451906E+01  0.22288080E+06
   0.70435816E+00  0.23088193E+00  0.32006206E+01  0.22341944E+06
   0.70604920E+00  0.23568842E+00  0.31566628E+01  0.22395583E+06
   0.70773317E+00  0.24058607E+00  0.31133087E+01  0.22448998E+06
   0.70941011E+00  0.24557616E+00  0.30705501E+01  0.22502190E+06
   0.71108006E+00  0.25065999E+00  0.30283787E+01  0.22555160E+06
   0.71274305E+00  0.25583890E+00  0.29867864E+01  0.22607909E+06
   0.71439912E+00  0.26111421E+00  0.29457654E+01  0.22660439E+06
   0.71604831E+00  0.26648727E+00  0.29053079E+01  0.22712751E+06
   0.71769067E+00  0.27195945E+00  0.28654059E+01  0.22764845E+06
   0.71932623E+00  0.27753209E+00  0.28260520E+01  0.22816725E+06
   0.72095505E+00  0.28320660E+00  0.27872385E+01  0.22868390E+06
   0.72257715E+00  0.28898438E+00  0.27489582E+01  0.22919843E+06
   0.72419260E+00  0.29486682E+00  0.27112036E+01  0.22971084E+06
   0.72580143E+00  0.30085539E+00  0.26739675E+01  0.23022115E+06
   0.72740370E+00  0.30695151E+00  0.26372428E+01  0.23072939E+06
   0.72899944E+00  0.31315666E+00  0.26010225E+01  0.23123555E+06
   0.73058872E+00  0.31947233E+00  0.25652997E+01  0.23173966E+06
   0.73217157E+00  0.32590002E+00  0.25300674E+01  0.23224174E+06
   0.73374805E+00  0.33244124E+00  0.24953191E+01  0.23274179E+06
   0.73531822E+00  0.33909760E+00  0.24610480E+01  0.23323984E+06
   0.73688211E+00  0.34587066E+00  0.24272476E+01  0.23373590E+06
   0.73843978E+00  0.35276200E+00  0.23939114E+01  0.23422999E+06
   0.73999129E+00  0.35977325E+00  0.23610331E+01  0.23472212E+06
   0.74153669E+00  0.36690610E+00  0.23286063E+01  0.23521231E+06
   0.74307602E+00  0.37416224E+00  0.22966248E+01  0.23570058E+06
   0.74460935E+00  0.38154339E+00  0.22650826E+01  0.23618695E+06
   0.74613672E+00  0.38905132E+00  0.22339736E+01  0.23667142E+06
   0.74765819E+00  0.39668783E+00  0.22032919E+01  0.23715403E+06
   0.74917381E+00  0.40445474E+00  0.21730315E+01  0.23763477E+06
   0.75068364E+00  0.41235394E+00  0.21431868E+01  0.23811369E+06
   0.75218773E+00  0.42038734E+00  0.21137519E+01  0.23859078E+06
   0.75368613E+00  0.42855695E+00  0.20847213E+01  0.23906606E+06
   0.75517889E+00  0.43686474E+00  0.20560895E+01  0.23953956E+06
   0.75666608E+00  0.44531280E+00  0.20278508E+01  0.24001129E+06
   0.75814774E+00  0.45390323E+00  0.20000000E+01  0.24048127E+06
   0.75962392E+00  0.46263823E+00  0.19725317E+01  0.24094951E+06
   0.76109469E+00  0.47152000E+00  0.19454406E+01  0.24141603E+06
   0.76256008E+00  0.48055087E+00  0.19187217E+01  0.24188084E+06
   0.76402016E+00  0.48973316E+00  0.18923696E+01  0.24234397E+06
   0.76547498E+00  0.49906932E+00  0.18663795E+01  0.24280543E+06
   0.76692458E+00  0.50856186E+00  0.18407464E+01  0.24326524E+06
   0.76836902E+00  0.51821330E+00  0.18154653E+01  0.24372341E+06
   0.76980835E+00  0.52802632E+00  0.17905314E+01  0.24417996E+06
   0.77124261E+00  0.53800363E+00  0.17659400E+01  0.24463491E+06
   0.77267187E+00  0.54814804E+00  0.17416863E+01  0.24508826E+06
   0.77409616E+00  0.55846244E+00  0.17177657E+01  0.24554004E+06
   0.77551554E+00  0.56894983E+00  0.16941737E+01  0.24599026E+06
   0.77693005E+00  0.57961324E+00  0.16709056E+01  0.24643894E+06
   0.77833974E+00  0.59045589E+00  0.16479571E+01  0.24688608E+06
   0.77974466E+00  0.60148103E+00  0.16253238E+01  0.24733172E+06
   0.78114484E+00  0.61269204E+00  0.16030014E+01  0.24777585E+06
   0.78254035E+00  0.62409242E+00  0.15809855E+01  0.24821850E+06
   0.78393121E+00  0.63568577E+00  0.15592720E+01  0.24865967E+06
   0.78531747E+00  0.64747578E+00  0.15378567E+01  0.24909939E+06
   0.78669919E+00  0.65946633E+00  0.15167356E+01  0.24953766E+06
   0.78807638E+00  0.67166134E+00  0.14959045E+01  0.24997451E+06
   0.78944910E+00  0.68406494E+00  0.14753595E+01  0.25040993E+06
   0.79081739E+00  0.69668135E+00  0.14550967E+01  0.25084394E+06
   0.79218129E+00  0.70951491E+00  0.14351122E+01  0.25127656E+06
   0.79354082E+00  0.72257016E+00  0.14154021E+01  0.25170780E+06
   0.79489603E+00  0.73585176E+00  0.13959628E+01  0.25213767E+06
   0.79624696E+00  0.74936452E+00  0.13767904E+01  0.25256618E+06
   0.79759363E+00  0.76311339E+00  0.13578814E+01  0.25299334E+06
   0.79893608E+00  0.77710354E+00  0.13392320E+01  0.25341916E+06
   0.80027435E+00  0.79134021E+00  0.13208388E+01  0.25384365E+06
   0.80160846E+00  0.80582895E+00  0.13026982E+01  0.25426682E+06
   0.80293845E+00  0.82057537E+00  0.12848067E+01  0.25468869E+06
   0.80426433E+00  0.83558534E+00  0.12671610E+01  0.25510926E+06
   0.80558615E+00  0.85086486E+00  0.12497576E+01  0.25552853E+06
   0.80690392E+00  0.86642017E+00  0.12325933E+01  0.25594652E+06
   0.80821768E+00  0.88225769E+00  0.12156646E+01  0.25636324E+06
   0.80952744E+00  0.89838406E+00  0.11989685E+01  0.25677869E+06
   0.81083323E+00  0.91480616E+00  0.11825017E+01  0.25719288E+06
   0.81213507E+00  0.93153101E+00  0.11662610E+01  0.25760582E+06
   0.81343299E+00  0.94856594E+00  0.11502434E+01  0.25801751E+06
   0.81472699E+00  0.96591846E+00  0.11344458E+01  0.25842797E+06
   0.81601711E+00  0.98359635E+00  0.11188651E+01  0.25883719E+06
   0.81730335E+00  0.10016076E+01  0.11034985E+01  0.25924518E+06
   0.81858573E+00  0.10199606E+01  0.10883429E+01  0.25965194E+06
   0.81986427E+00  0.10386638E+01  0.10733954E+01  0.26005749E+06
   0.82113897E+00  0.10577259E+01  0.10586532E+01  0.26046182E+06
   0.82240986E+00  0.10771562E+01  0.10441135E+01  0.26086494E+06
   0.82367695E+00  0.10969638E+01  0.10297735E+01  0.26126685E+06
   0.82494023E+00  0.11171586E+01  0.10156304E+01  0.26166756E+06
   0.82619973E+00  0.11377505E+01  0.10016816E+01  0.26206707E+06
   0.82745545E+00  0.11587497E+01  0.98792435E+00  0.26246538E+06
   0.82870739E+00  0.11801669E+01  0.97435604E+00  0.26286249E+06
   0.82995556E+00  0.12020129E+01  0.96097409E+00  0.26325840E+06
   0.83119996E+00  0.12242990E+01  0.94777592E+00  0.26365312E+06
   0.83244060E+00  0.12470368E+01  0.93475902E+00  0.26404665E+06
   0.83367748E+00  0.12702383E+01  0.92192090E+00  0.26443898E+06
   0.83491060E+00  0.12939158E+01  0.90925909E+00  0.26483012E+06
   0.83613995E+00  0.13180820E+01  0.89677119E+00  0.26522007E+06
   0.83736554E+00  0.13427500E+01  0.88445480E+00  0.26560882E+06
   0.83858736E+00  0.13679333E+01  0.87230756E+00  0.26599637E+06
   0.83980541E+00  0.13936458E+01  0.86032715E+00  0.26638273E+06
   0.84101968E+00  0.14199018E+01  0.84851129E+00  0.26676790E+06
   0.84223017E+00  0.14467161E+01  0.83685770E+00  0.26715186E+06
   0.84343687E+00  0.14741039E+01  0.82536417E+00  0.26753462E+06
   0.84463977E+00  0.15020810E+01  0.81402849E+00  0.26791617E+06
   0.84583886E+00  0.15306634E+01  0.80284850E+00  0.26829652E+06
   0.84703414E+00  0.15598677E+01  0.79182205E+00  0.26867566E+06
   0.84822558E+00  0.15897113E+01  0.78094705E+00  0.26905358E+06
   0.84941319E+00  0.16202117E+01  0.77022140E+00  0.26943028E+06
   0.85059694E+00  0.16513870E+01  0.75964306E+00  0.26980576E+06
   0.85177682E+00  0.16832562E+01  0.74921001E+00  0.27018001E+06
   0.85295281E+00  0.17158384E+01  0.73892024E+00  0.27055304E+06
   0.85412491E+00  0.17491537E+01  0.72877180E+00  0.27092482E+06
   0.85529309E+00  0.17832224E+01  0.71876273E+00  0.27129536E+06
   0.85645734E+00  0.18180658E+01  0.70889113E+00  0.27166466E+06
   0.85761764E+00  0.18537056E+01  0.69915511E+00  0.27203270E+06
   0.85877397E+00  0.18901642E+01  0.68955281E+00  0.27239948E+06
   0.85992630E+00  0.19274648E+01  0.68008239E+00  0.27276500E+06
   0.86107463E+00  0.19656312E+01  0.67074203E+00  0.27312924E+06
   0.86221892E+00  0.20046877E+01  0.66152996E+00  0.27349221E+06
   0.86335916E+00  0.20446599E+01  0.65244440E+00  0.27385389E+06
   0.86449533E+00  0.20855736E+01  0.64348363E+00  0.27421427E+06
   0.86562739E+00  0.21274557E+01  0.63464593E+00  0.27457336E+06
   0.86675534E+00  0.21703338E+01  0.62592960E+00  0.27493114E+06
   0.86787914E+00  0.22142364E+01  0.61733299E+00  0.27528760E+06
   0.86899876E+00  0.22591929E+01  0.60885444E+00  0.27564274E+06
   0.87011419E+00  0.23052335E+01  0.60049234E+00  0.27599655E+06
   0.87122540E+00  0.23523893E+01  0.59224509E+00  0.27634902E+06
   0.87233236E+00  0.24006925E+01  0.58411110E+00  0.27670015E+06
   0.87343505E+00  0.24501762E+01  0.57608883E+00  0.27704992E+06
   0.87453344E+00  0.25008744E+01  0.56817674E+00  0.27739832E+06
   0.87562749E+00  0.25528223E+01  0.56037331E+00  0.27774535E+06
   0.87671720E+00  0.26060562E+01  0.55267706E+00  0.27809100E+06
   0.87780251E+00  0.26606132E+01  0.54508651E+00  0.27843526E+06
   0.87888342E+00  0.27165320E+01  0.53760020E+00  0.27877812E+06
   0.87995989E+00  0.27738521E+01  0.53021672E+00  0.27911957E+06
   0.88103189E+00  0.28326145E+01  0.52293464E+00  0.27945960E+06
   0.88209939E+00  0.28928614E+01  0.51575258E+00  0.27979821E+06
   0.88316237E+00  0.29546360E+01  0.50866915E+00  0.28013538E+06
   0.88422079E+00  0.30179832E+01  0.50168301E+00  0.28047111E+06
   0.88527463E+00  0.30829492E+01  0.49479282E+00  0.28080538E+06
   0.88632386E+00  0.31495815E+01  0.48799726E+00  0.28113819E+06
   0.88736844E+00  0.32179293E+01  0.48129503E+00  0.28146953E+06
   0.88840836E+00  0.32880430E+01  0.47468485E+00  0.28179938E+06
   0.88944357E+00  0.33599749E+01  0.46816546E+00  0.28212775E+06
   0.89047406E+00  0.34337788E+01  0.46173560E+00  0.28245462E+06
   0.89149978E+00  0.35095101E+01  0.45539405E+00  0.28277997E+06
   0.89252073E+00  0.35872260E+01  0.44913960E+00  0.28310381E+06
   0.89353685E+00  0.36669855E+01  0.44297105E+00  0.28342612E+06
   0.89454813E+00  0.37488493E+01  0.43688721E+00  0.28374690E+06
   0.89555454E+00  0.38328804E+01  0.43088694E+00  0.28406613E+06
   0.89655605E+00  0.39191433E+01  0.42496907E+00  0.28438380E+06
   0.89755263E+00  0.40077047E+01  0.41913248E+00  0.28469991E+06
   0.89854426E+00  0.40986335E+01  0.41337605E+00  0.28501445E+06
   0.89953090E+00  0.41920007E+01  0.40769868E+00  0.28532741E+06
   0.90051253E+00  0.42878796E+01  0.40209928E+00  0.28563878E+06
   0.90148913E+00  0.43863457E+01  0.39657679E+00  0.28594855E+06
   0.90246066E+00  0.44874768E+01  0.39113014E+00  0.28625672E+06
   0.90342710E+00  0.45913535E+01  0.38575830E+00  0.28656327E+06
   0.90438842E+00  0.46980588E+01  0.38046024E+00  0.28686819E+06
   0.90534461E+00  0.48076780E+01  0.37523494E+00  0.28717149E+06
   0.90629562E+00  0.49202998E+01  0.37008140E+00  0.28747315E+06
   0.90724145E+00  0.50360150E+01  0.36499865E+00  0.28777316E+06
   0.90818207E+00  0.51549177E+01  0.35998570E+00  0.28807152E+06
   0.90911744E+00  0.52771051E+01  0.35504160E+00  0.28836822E+06
   0.91004756E+00  0.54026771E+01  0.35016541E+00  0.28866325E+06
   0.91097240E+00  0.55317372E+01  0.34535618E+00  0.28895660E+06
   0.91189193E+00  0.56643920E+01  0.34061301E+00  0.28924827E+06
   0.91280613E+00  0.58007515E+01  0.33593497E+00  0.28953826E+06
   0.91371499E+00  0.59409294E+01  0.33132119E+00  0.28982654E+06
   0.91461848E+00  0.60850428E+01  0.32677078E+00  0.29011313E+06
   0.91551659E+00  0.62332129E+01  0.32228286E+00  0.29039800E+06
   0.91640929E+00  0.63855644E+01  0.31785657E+00  0.29068116E+06
   0.91729656E+00  0.65422265E+01  0.31349108E+00  0.29096260E+06
   0.91817840E+00  0.67033321E+01  0.30918555E+00  0.29124232E+06
   0.91905478E+00  0.68690187E+01  0.30493915E+00  0.29152030E+06
   0.91992568E+00  0.70394283E+01  0.30075106E+00  0.29179655E+06
   0.92079110E+00  0.72147071E+01  0.29662050E+00  0.29207105E+06
   0.92165100E+00  0.73950065E+01  0.29254667E+00  0.29234381E+06
   0.92250539E+00  0.75804823E+01  0.28852879E+00  0.29261482E+06
   0.92335425E+00  0.77712964E+01  0.28456609E+00  0.29288408E+06
   0.92419756E+00  0.79676144E+01  0.28065782E+00  0.29315157E+06
   0.92503532E+00  0.81696090E+01  0.27680322E+00  0.29341730E+06
   0.92586750E+00  0.83774570E+01  0.27300156E+00  0.29368127E+06
   0.92669411E+00  0.85913420E+01  0.26925212E+00  0.29394346E+06
   0.92751513E+00  0.88114532E+01  0.26555417E+00  0.29420389E+06
   0.92833054E+00  0.90379860E+01  0.26190700E+00  0.29446253E+06
   0.92914035E+00  0.92711422E+01  0.25830993E+00  0.29471940E+06
   0.92994455E+00  0.95111304E+01  0.25476226E+00  0.29497449E+06
   0.93074312E+00  0.97581658E+01  0.25126332E+00  0.29522779E+06
   0.93153607E+00  0.10012471E+02  0.24781243E+00  0.29547931E+06
   0.93232338E+00  0.10274275E+02  0.24440894E+00  0.29572904E+06
   0.93310505E+00  0.10543816E+02  0.24105219E+00  0.29597699E+06
   0.93388108E+00  0.10821338E+02  0.23774154E+00  0.29622314E+06
   0.93465147E+00  0.11107096E+02  0.23447636E+00  0.29646750E+06
   0.93541620E+00  0.11401349E+02  0.23125603E+00  0.29671008E+06
   0.93617529E+00  0.11704369E+02  0.22807992E+00  0.29695086E+06
   0.93692873E+00  0.12016435E+02  0.22494744E+00  0.29718984E+06
   0.93767652E+00  0.12337834E+02  0.22185797E+00  0.29742704E+06
   0.93841866E+00  0.12668864E+02  0.21881094E+00  0.29766244E+06
   0.93915514E+00  0.13009834E+02  0.21580576E+00  0.29789605E+06
   0.93988599E+00  0.13361061E+02  0.21284185E+00  0.29812787E+06
   0.94061119E+00  0.13722874E+02  0.20991865E+00  0.29835790E+06
   0.94133075E+00  0.14095612E+02  0.20703559E+00  0.29858614E+06
   0.94204467E+00  0.14479625E+02  0.20419213E+00  0.29881260E+06
   0.94275296E+00  0.14875277E+02  0.20138773E+00  0.29903726E+06
   0.94345563E+00  0.15282941E+02  0.19862184E+00  0.29926015E+06
   0.94415268E+00  0.15703005E+02  0.19589393E+00  0.29948125E+06
   0.94484412E+00  0.16135867E+02  0.19320350E+00  0.29970057E+06
   0.94552996E+00  0.16581943E+02  0.19055001E+00  0.29991812E+06
   0.94621020E+00  0.17041657E+02  0.18793297E+00  0.30013389E+06
   0.94688486E+00  0.17515452E+02  0.18535187E+00  0.30034788E+06
   0.94755394E+00  0.18003784E+02  0.18280621E+00  0.30056011E+06
   0.94821746E+00  0.18507124E+02  0.18029553E+00  0.30077058E+06
   0.94887542E+00  0.19025958E+02  0.17781932E+00  0.30097928E+06
   0.94952784E+00  0.19560792E+02  0.17537712E+00  0.30118623E+06
   0.95017474E+00  0.20112144E+02  0.17296847E+00  0.30139142E+06
   0.95081612E+00  0.20680552E+02  0.17059289E+00  0.30159486E+06
   0.95145200E+00  0.21266574E+02  0.16824994E+00  0.30179656E+06
   0.95208239E+00  0.21870781E+02  0.16593917E+00  0.30199652E+06
   0.95270731E+00  0.22493771E+02  0.16366014E+00  0.30219474E+06
   0.95332678E+00  0.23136155E+02  0.16141240E+00  0.30239123E+06
   0.95394080E+00  0.23798569E+02  0.15919554E+00  0.30258600E+06
   0.95454941E+00  0.24481669E+02  0.15700912E+00  0.30277905E+06
   0.95515261E+00  0.25186133E+02  0.15485274E+00  0.30297038E+06
   0.95575042E+00  0.25912661E+02  0.15272597E+00  0.30316000E+06
   0.95634287E+00  0.26661979E+02  0.15062840E+00  0.30334793E+06
   0.95692997E+00  0.27434837E+02  0.14855965E+00  0.30353415E+06
   0.95751173E+00  0.28232008E+02  0.14651931E+00  0.30371869E+06
   0.95808819E+00  0.29054294E+02  0.14450699E+00  0.30390154E+06
   0.95865937E+00  0.29902523E+02  0.14252231E+00  0.30408271E+06
   0.95922527E+00  0.30777551E+02  0.14056489E+00  0.30426221E+06
   0.95978593E+00  0.31680263E+02  0.13863435E+00  0.30444005E+06
   0.96034137E+00  0.32611574E+02  0.13673032E+00  0.30461623E+06
   0.96089161E+00  0.33572431E+02  0.13485244E+00  0.30479077E+06
   0.96143668E+00  0.34563813E+02  0.13300036E+00  0.30496366E+06
   0.96197659E+00  0.35586731E+02  0.13117371E+00  0.30513492E+06
   0.96251137E+00  0.36642230E+02  0.12937215E+00  0.30530455E+06
   0.96304104E+00  0.37731394E+02  0.12759534E+00  0.30547256E+06
   0.96356564E+00  0.38855341E+02  0.12584292E+00  0.30563896E+06
   0.96408518E+00  0.40015228E+02  0.12411458E+00  0.30580376E+06
   0.96459970E+00  0.41212251E+02  0.12240997E+00  0.30596696E+06
   0.96510921E+00  0.42447646E+02  0.12072877E+00  0.30612857E+06
   0.96561375E+00  0.43722694E+02  0.11907066E+00  0.30628861E+06
   0.96611333E+00  0.45038718E+02  0.11743533E+00  0.30644708E+06
   0.96660800E+00  0.46397086E+02  0.11582245E+00  0.30660398E+06
   0.96709776E+00  0.47799213E+02  0.11423173E+00  0.30675933E+06
   0.96758267E+00  0.49246562E+02  0.11266285E+00  0.30691314E+06
   0.96806273E+00  0.50740647E+02  0.11111552E+00  0.30706542E+06
   0.96853798E+00  0.52283035E+02  0.10958945E+00  0.30721616E+06
   0.96900845E+00  0.53875344E+02  0.10808433E+00  0.30736539E+06
   0.96947416E+00  0.55519248E+02  0.10659988E+00  0.30751312E+06
   0.96993515E+00  0.57216480E+02  0.10513582E+00  0.30765934E+06
   0.97039145E+00  0.58968831E+02  0.10369187E+00  0.30780408E+06
   0.97084308E+00  0.60778154E+02  0.10226775E+00  0.30794733E+06
   0.97129007E+00  0.62646367E+02  0.10086319E+00  0.30808912E+06
   0.97173246E+00  0.64575452E+02  0.99477919E-01  0.30822944E+06
   0.97217028E+00  0.66567459E+02  0.98111674E-01  0.30836831E+06
   0.97260354E+00  0.68624511E+02  0.96764193E-01  0.30850574E+06
   0.97303230E+00  0.70748801E+02  0.95435219E-01  0.30864174E+06
   0.97345657E+00  0.72942600E+02  0.94124497E-01  0.30877632E+06
   0.97387639E+00  0.75208256E+02  0.92831777E-01  0.30890948E+06
   0.97429178E+00  0.77548197E+02  0.91556811E-01  0.30904125E+06
   0.97470279E+00  0.79964937E+02  0.90299355E-01  0.30917162E+06
   0.97510944E+00  0.82461078E+02  0.89059170E-01  0.30930060E+06
   0.97551176E+00  0.85039305E+02  0.87836018E-01  0.30942822E+06
   0.97590978E+00  0.87702403E+02  0.86629664E-01  0.30955447E+06
   0.97630354E+00  0.90453250E+02  0.85439879E-01  0.30967937E+06
   0.97669307E+00  0.93294823E+02  0.84266435E-01  0.30980292E+06
   0.97707840E+00  0.96230203E+02  0.83109107E-01  0.30992515E+06
   0.97745956E+00  0.99262576E+02  0.81967673E-01  0.31004605E+06
   0.97783658E+00  0.10239524E+03  0.80841917E-01  0.31016564E+06
   0.97820950E+00  0.10563162E+03  0.79731621E-01  0.31028393E+06
   0.97857835E+00  0.10897522E+03  0.78636575E-01  0.31040093E+06
   0.97894315E+00  0.11242971E+03  0.77556568E-01  0.31051664E+06
   0.97930395E+00  0.11599887E+03  0.76491394E-01  0.31063109E+06
   0.97966078E+00  0.11968660E+03  0.75440850E-01  0.31074427E+06
   0.98001366E+00  0.12349695E+03  0.74404734E-01  0.31085620E+06
   0.98036263E+00  0.12743412E+03  0.73382848E-01  0.31096689E+06
   0.98070772E+00  0.13150241E+03  0.72374996E-01  0.31107636E+06
   0.98104897E+00  0.13570633E+03  0.71380987E-01  0.31118460E+06
   0.98138640E+00  0.14005050E+03  0.70400629E-01  0.31129163E+06
   0.98172006E+00  0.14453973E+03  0.69433736E-01  0.31139746E+06
   0.98204996E+00  0.14917898E+03  0.68480123E-01  0.31150211E+06
   0.98237614E+00  0.15397339E+03  0.67539606E-01  0.31160557E+06
   0.98269864E+00  0.15892827E+03  0.66612007E-01  0.31170787E+06
   0.98301749E+00  0.16404913E+03  0.65697147E-01  0.31180900E+06
   0.98333272E+00  0.16934165E+03  0.64794853E-01  0.31190899E+06
   0.98364436E+00  0.17481174E+03  0.63904950E-01  0.31200784E+06
   0.98395244E+00  0.18046549E+03  0.63027270E-01  0.31210556E+06
   0.98425699E+00  0.18630921E+03  0.62161643E-01  0.31220217E+06
   0.98455806E+00  0.19234942E+03  0.61307906E-01  0.31229767E+06
   0.98485566E+00  0.19859289E+03  0.60465894E-01  0.31239206E+06
   0.98514984E+00  0.20504660E+03  0.59635446E-01  0.31248537E+06
   0.98544061E+00  0.21171780E+03  0.58816403E-01  0.31257761E+06
   0.98572802E+00  0.21861397E+03  0.58008610E-01  0.31266877E+06
   0.98601209E+00  0.22574286E+03  0.57211911E-01  0.31275888E+06
   0.98629286E+00  0.23311251E+03  0.56426154E-01  0.31284794E+06
   0.98657036E+00  0.24073119E+03  0.55651188E-01  0.31293596E+06
   0.98684462E+00  0.24860752E+03  0.54886866E-01  0.31302295E+06
   0.98711566E+00  0.25675038E+03  0.54133041E-01  0.31310893E+06
   0.98738352E+00  0.26516897E+03  0.53389570E-01  0.31319389E+06
   0.98764824E+00  0.27387283E+03  0.52656309E-01  0.31327786E+06
   0.98790984E+00  0.28287181E+03  0.51933119E-01  0.31336083E+06
   0.98816834E+00  0.29217612E+03  0.51219862E-01  0.31344283E+06
   0.98842379E+00  0.30179631E+03  0.50516401E-01  0.31352386E+06
   0.98867622E+00  0.31174333E+03  0.49822601E-01  0.31360393E+06
   0.98892564E+00  0.32202848E+03  0.49138329E-01  0.31368304E+06
   0.98917210E+00  0.33266347E+03  0.48463456E-01  0.31376122E+06
   0.98941561E+00  0.34366043E+03  0.47797851E-01  0.31383846E+06
   0.98965622E+00  0.35503191E+03  0.47141388E-01  0.31391478E+06
   0.98989395E+00  0.36679089E+03  0.46493941E-01  0.31399019E+06
   0.99012883E+00  0.37895081E+03  0.45855386E-01  0.31406469E+06
   0.99036089E+00  0.39152559E+03  0.45225601E-01  0.31413830E+06
   0.99059015E+00  0.40452965E+03  0.44604466E-01  0.31421102E+06
   0.99081665E+00  0.41797787E+03  0.43991861E-01  0.31428286E+06
   0.99104042E+00  0.43188570E+03  0.43387670E-01  0.31435384E+06
   0.99126147E+00  0.44626912E+03  0.42791777E-01  0.31442396E+06
   0.99147985E+00  0.46114466E+03  0.42204069E-01  0.31449323E+06
   0.99169558E+00  0.47652943E+03  0.41624431E-01  0.31456166E+06
   0.99190869E+00  0.49244117E+03  0.41052755E-01  0.31462925E+06
   0.99211920E+00  0.50889822E+03  0.40488930E-01  0.31469603E+06
   0.99232714E+00  0.52591956E+03  0.39932849E-01  0.31476198E+06
   0.99253254E+00  0.54352485E+03  0.39384405E-01  0.31482714E+06
   0.99273543E+00  0.56173445E+03  0.38843494E-01  0.31489149E+06
   0.99293583E+00  0.58056943E+03  0.38310011E-01  0.31495506E+06
   0.99313377E+00  0.60005158E+03  0.37783856E-01  0.31501784E+06
   0.99332928E+00  0.62020349E+03  0.37264926E-01  0.31507986E+06
   0.99352238E+00  0.64104854E+03  0.36753124E-01  0.31514111E+06
   0.99371310E+00  0.66261093E+03  0.36248351E-01  0.31520160E+06
   0.99390146E+00  0.68491570E+03  0.35750511E-01  0.31526135E+06
   0.99408749E+00  0.70798878E+03  0.35259508E-01  0.31532036E+06
   0.99427123E+00  0.73185703E+03  0.34775248E-01  0.31537864E+06
   0.99445268E+00  0.75654823E+03  0.34297639E-01  0.31543620E+06
   0.99463188E+00  0.78209121E+03  0.33826590E-01  0.31549304E+06
   0.99480885E+00  0.80851571E+03  0.33362011E-01  0.31554917E+06
   0.99498361E+00  0.83585261E+03  0.32903812E-01  0.31560461E+06
   0.99515620E+00  0.86413382E+03  0.32451906E-01  0.31565935E+06
   0.99532664E+00  0.89339242E+03  0.32006206E-01  0.31571341E+06
   0.99549494E+00  0.92366264E+03  0.31566628E-01  0.31576680E+06
   0.99566114E+00  0.95497993E+03  0.31133087E-01  0.31581951E+06
   0.99582525E+00  0.98738099E+03  0.30705501E-01  0.31587157E+06
   0.99598730E+00  0.10209038E+04  0.30283787E-01  0.31592297E+06
   0.99614732E+00  0.10555877E+04  0.29867864E-01  0.31597373E+06
   0.99630533E+00  0.10914735E+04  0.29457654E-01  0.31602385E+06
   0.99646134E+00  0.11286032E+04  0.29053079E-01  0.31607334E+06
   0.99661539E+00  0.11670206E+04  0.28654059E-01  0.31612220E+06
   0.99676749E+00  0.12067709E+04  0.28260520E-01  0.31617045E+06
   0.99691767E+00  0.12479009E+04  0.27872385E-01  0.31621808E+06
   0.99706596E+00  0.12904590E+04  0.27489582E-01  0.31626512E+06
   0.99721236E+00  0.13344955E+04  0.27112036E-01  0.31631156E+06
   0.99735691E+00  0.13800623E+04  0.26739675E-01  0.31635741E+06
   0.99749962E+00  0.14272133E+04  0.26372428E-01  0.31640267E+06
   0.99764052E+00  0.14760041E+04  0.26010225E-01  0.31644737E+06
   0.99777962E+00  0.15264924E+04  0.25652997E-01  0.31649149E+06
   0.99791696E+00  0.15787380E+04  0.25300674E-01  0.31653505E+06
   0.99805254E+00  0.16328028E+04  0.24953191E-01  0.31657806E+06
   0.99818640E+00  0.16887507E+04  0.24610480E-01  0.31662052E+06
   0.99831854E+00  0.17466483E+04  0.24272476E-01  0.31666243E+06
   0.99844900E+00  0.18065634E+04  0.23939114E-01  0.31670381E+06
   0.99857778E+00  0.18685704E+04  0.23610331E-01  0.31674466E+06
   0.99870492E+00  0.19327316E+04  0.23286063E-01  0.31678499E+06
   0.99883043E+00  0.19991601E+04  0.22966248E-01  0.31682480E+06
   0.99895432E+00  0.20678186E+04  0.22650826E-01  0.31686410E+06
   0.99907662E+00  0.21391497E+04  0.22339736E-01  0.31690289E+06
   0.99919736E+00  0.22121488E+04  0.22032919E-01  0.31694119E+06
   0.99931653E+00  0.22900994E+04  0.21730315E-01  0.31697899E+06
   0.99943417E+00  0.23640627E+04  0.21431868E-01  0.31701631E+06
   0.99955030E+00  0.24583820E+04  0.21137519E-01  0.31705314E+06
   0.99966493E+00  0.25132663E+04  0.20847213E-01  0.31708950E+06
   0.99977808E+00  0.26559610E+04  0.20560895E-01  0.31712539E+06
   0.99988976E+00  0.26983857E+04  0.20278508E-01  0.31716082E+06
   0.10000000E+01  0.25354638E+04  0.20000000E-01  0.31719578E+06
