Mass(Gev)   Energy       Nbound      Beta       Phi(cm^3 s^-1 GeV^-2)   +dPhi             -dPhi            cs(cm^3 s^-1)        +dcs             -dcs
5.0000     0.0000      233.8012     0.9502      1.3563e-34            1.53783e-34        7.98983e-35        inf        nan        nan
6.0000     0.1805      233.8012     0.9500      1.3563e-34            1.53783e-34        7.98983e-35        6.79856e-31        7.70845e-31        4.00495e-31
8.0000     0.5094      233.8012     0.9500      1.3563e-34            1.53783e-34        7.98983e-35        4.28273e-31        4.85591e-31        2.52291e-31
10.0000     0.8731      233.8012     0.9500      1.3563e-34            1.53783e-34        7.98983e-35        3.90406e-31        4.42656e-31        2.29983e-31
15.0000     1.6321      233.8012     0.9500      1.3563e-34            1.53783e-34        7.98983e-35        4.69923e-31        5.32815e-31        2.76826e-31
20.0000     2.7783      233.8012     0.9500      1.3563e-34            1.53783e-34        7.98983e-35        4.90772e-31        5.56454e-31        2.89108e-31
25.0000     3.1984      233.8012     0.9500      1.3563e-34            1.53783e-34        7.98983e-35        6.661e-31        7.55247e-31        3.92391e-31
30.0000     4.2809      233.8012     0.9500      1.3563e-34            1.53783e-34        7.98983e-35        7.16642e-31        8.12554e-31        4.22165e-31
40.0000     6.2548      233.8012     0.9500      1.3563e-34            1.53783e-34        7.98983e-35        8.71975e-31        9.88676e-31        5.1367e-31
50.0000     6.9588      233.8012     0.9500      1.3563e-34            1.53783e-34        7.98983e-35        1.22462e-30        1.38851e-30        7.21407e-31
60.0000     8.6092      233.8012     0.9500      1.3563e-34            1.53783e-34        7.98983e-35        1.4254e-30        1.61617e-30        8.39684e-31
70.0000     9.4855      233.8012     0.9500      1.3563e-34            1.53783e-34        7.98983e-35        1.76089e-30        1.99656e-30        1.03732e-30
80.0000     11.4537      233.8012     0.9500      1.3563e-34            1.53783e-34        7.98983e-35        1.90472e-30        2.15964e-30        1.12205e-30
90.0000     12.5081      233.8012     0.9500      1.3563e-34            1.53783e-34        7.98983e-35        2.20745e-30        2.50288e-30        1.30038e-30
100.0000     13.6125      233.8012     0.9500      1.3563e-34            1.53783e-34        7.98983e-35        2.50414e-30        2.83928e-30        1.47516e-30
110.0000     13.5965      233.8012     0.9500      1.3563e-34            1.53783e-34        7.98983e-35        3.03357e-30        3.43957e-30        1.78704e-30
120.0000     14.7423      233.8012     0.9500      1.3563e-34            1.53783e-34        7.98983e-35        3.32962e-30        3.77525e-30        1.96144e-30
130.0000     15.9288      233.8012     0.9500      1.3563e-34            1.53783e-34        7.98983e-35        3.6166e-30        4.10063e-30        2.1305e-30
140.0000     15.9343      233.8012     0.9500      1.3563e-34            1.53783e-34        7.98983e-35        4.19296e-30        4.75412e-30        2.47002e-30
150.0000     17.1584      233.8012     0.9500      1.3563e-34            1.53783e-34        7.98983e-35        4.46996e-30        5.0682e-30        2.6332e-30
160.0000     18.4057      233.8012     0.9500      1.3563e-34            1.53783e-34        7.98983e-35        4.74116e-30        5.37569e-30        2.79296e-30
180.0000     19.7107      233.8012     0.9500      1.3563e-34            1.53783e-34        7.98983e-35        5.60325e-30        6.35316e-30        3.30081e-30
200.0000     21.0547      233.8012     0.9500      1.3563e-34            1.53783e-34        7.98983e-35        6.47602e-30        7.34274e-30        3.81495e-30
220.0000     21.1230      233.8012     0.9500      1.3563e-34            1.53783e-34        7.98983e-35        7.81063e-30        8.85597e-30        4.60115e-30
240.0000     22.5129      233.8012     0.9500      1.3563e-34            1.53783e-34        7.98983e-35        8.72145e-30        9.88869e-30        5.1377e-30
260.0000     23.9246      233.8012     0.9500      1.3563e-34            1.53783e-34        7.98983e-35        9.63163e-30        1.09207e-29        5.67388e-30
280.0000     24.0050      233.8012     0.9500      1.3563e-34            1.53783e-34        7.98983e-35        1.1133e-29        1.26229e-29        6.5583e-30
300.0000     25.4572      233.8012     0.9500      1.3563e-34            1.53783e-34        7.98983e-35        1.20512e-29        1.3664e-29        7.09919e-30
330.0000     26.9901      233.8012     0.9500      1.3563e-34            1.53783e-34        7.98983e-35        1.37537e-29        1.55945e-29        8.10216e-30
360.0000     28.5501      233.8012     0.9500      1.3563e-34            1.53783e-34        7.98983e-35        1.54737e-29        1.75446e-29        9.11537e-30
400.0000     30.1833      233.8012     0.9500      1.3563e-34            1.53783e-34        7.98983e-35        1.80697e-29        2.0488e-29        1.06446e-29
450.0000     31.9128      233.8012     0.9500      1.3563e-34            1.53783e-34        7.98983e-35        2.163e-29        2.45249e-29        1.2742e-29
500.0000     32.1383      233.8012     0.9500      1.3563e-34            1.53783e-34        7.98983e-35        2.65164e-29        3.00652e-29        1.56205e-29
550.0000     33.8902      233.8012     0.9500      1.3563e-34            1.53783e-34        7.98983e-35        3.04262e-29        3.44984e-29        1.79237e-29
600.0000     35.6831      233.8012     0.9500      1.3563e-34            1.53783e-34        7.98983e-35        3.43904e-29        3.89931e-29        2.0259e-29
650.0000     37.4968      233.8012     0.9500      1.3563e-34            1.53783e-34        7.98983e-35        3.84087e-29        4.35491e-29        2.26261e-29
700.0000     37.7280      233.8012     0.9500      1.3563e-34            1.53783e-34        7.98983e-35        4.4272e-29        5.01971e-29        2.60801e-29
750.0000     39.5657      233.8012     0.9500      1.3563e-34            1.53783e-34        7.98983e-35        4.8462e-29        5.49479e-29        2.85484e-29
800.0000     41.4192      233.8012     0.9500      1.3563e-34            1.53783e-34        7.98983e-35        5.26714e-29        5.97207e-29        3.10281e-29
900.0000     43.5217      233.8012     0.9500      1.3563e-34            1.53783e-34        7.98983e-35        6.34419e-29        7.19327e-29        3.73729e-29
1000.0000     45.7911      233.8012     0.9500      1.3563e-34            1.53783e-34        7.98983e-35        7.44416e-29        8.44046e-29        4.38527e-29
1100.0000     46.0816      233.8012     0.9500      1.3563e-34            1.53783e-34        7.98983e-35        8.95066e-29        1.01486e-28        5.27273e-29
1200.0000     48.1878      233.8012     0.9500      1.3563e-34            1.53783e-34        7.98983e-35        1.01864e-28        1.15497e-28        6.00071e-29
1300.0000     50.3223      233.8012     0.9500      1.3563e-34            1.53783e-34        7.98983e-35        1.14478e-28        1.298e-28        6.74378e-29
1500.0000     52.8476      233.8012     0.9500      1.3563e-34            1.53783e-34        7.98983e-35        1.45129e-28        1.64553e-28        8.54938e-29
1700.0000     55.3598      233.8012     0.9500      1.3563e-34            1.53783e-34        7.98983e-35        1.77951e-28        2.01767e-28        1.04829e-28
2000.0000     59.9732      233.8012     0.9500      1.3563e-34            1.53783e-34        7.98983e-35        2.27353e-28        2.57781e-28        1.33931e-28
2500.0000     63.4336      233.8012     0.9500      1.3563e-34            1.53783e-34        7.98983e-35        3.3586e-28        3.8081e-28        1.97851e-28
3000.0000     68.5687      233.8012     0.9500      1.3563e-34            1.53783e-34        7.98983e-35        4.47419e-28        5.07299e-28        2.63569e-28
4000.0000     76.7353      233.8012     0.9500      1.3563e-34            1.53783e-34        7.98983e-35        7.10758e-28        8.05883e-28        4.18699e-28
5000.0000     81.0794      233.8012     0.9500      1.3563e-34            1.53783e-34        7.98983e-35        1.05106e-27        1.19173e-27        6.19166e-28
6000.0000     86.9489      233.8012     0.9500      1.3563e-34            1.53783e-34        7.98983e-35        1.41135e-27        1.60024e-27        8.31411e-28
7000.0000     90.8396      233.8012     0.9500      1.3563e-34            1.53783e-34        7.98983e-35        1.83873e-27        2.08482e-27        1.08317e-27
8000.0000     96.2870      233.8012     0.9500      1.3563e-34            1.53783e-34        7.98983e-35        2.26574e-27        2.56897e-27        1.33472e-27
9000.0000     99.8859      233.8012     0.9500      1.3563e-34            1.53783e-34        7.98983e-35        2.76425e-27        3.13421e-27        1.62839e-27
10000.0000     104.7241      233.8012     0.9500      1.3563e-34            1.53783e-34        7.98983e-35        3.255e-27        3.69063e-27        1.91748e-27
12000.0000     108.3591      233.8012     0.9500      1.3563e-34            1.53783e-34        7.98983e-35        4.52996e-27        5.13623e-27        2.66855e-27
15000.0000     116.1146      233.8012     0.9500      1.3563e-34            1.53783e-34        7.98983e-35        6.6053e-27        7.48933e-27        3.8911e-27
20000.0000     127.3490      233.8012     0.9500      1.3563e-34            1.53783e-34        7.98983e-35        1.07068e-26        1.21398e-26        6.30728e-27
30000.0000     142.4974      233.8012     0.9500      1.3563e-34            1.53783e-34        7.98983e-35        2.15294e-26        2.44108e-26        1.26827e-26
50000.0000     163.9986      233.8012     0.9500      1.3563e-34            1.53783e-34        7.98983e-35        5.19633e-26        5.89179e-26        3.0611e-26
100000.0000     198.6678      233.8012     0.9500      1.3563e-34            1.53783e-34        7.98983e-35        1.71581e-25        1.94545e-25        1.01076e-25
