Mass(Gev)   Energy       Nbound      Beta       Phi(cm^3 s^-1 GeV^-2)   +dPhi             -dPhi            cs(cm^3 s^-1)        +dcs             -dcs
5.0000     0.0000      233.8012     0.9502      2.44879e-30            5.12218e-30        1.85749e-30        inf        nan        nan
6.0000     0.1805      233.8012     0.9500      2.44879e-30            5.12218e-30        1.85749e-30        1.22747e-26        2.56753e-26        9.3108e-27
8.0000     0.5094      233.8012     0.9500      2.44879e-30            5.12218e-30        1.85749e-30        7.73243e-27        1.6174e-26        5.86531e-27
10.0000     0.8731      233.8012     0.9500      2.44879e-30            5.12218e-30        1.85749e-30        7.04873e-27        1.47439e-26        5.3467e-27
15.0000     1.6321      233.8012     0.9500      2.44879e-30            5.12218e-30        1.85749e-30        8.48441e-27        1.7747e-26        6.43571e-27
20.0000     2.7783      233.8012     0.9500      2.44879e-30            5.12218e-30        1.85749e-30        8.86083e-27        1.85343e-26        6.72124e-27
25.0000     3.1984      233.8012     0.9500      2.44879e-30            5.12218e-30        1.85749e-30        1.20264e-26        2.51557e-26        9.1224e-27
30.0000     4.2809      233.8012     0.9500      2.44879e-30            5.12218e-30        1.85749e-30        1.29389e-26        2.70645e-26        9.81459e-27
40.0000     6.2548      233.8012     0.9500      2.44879e-30            5.12218e-30        1.85749e-30        1.57434e-26        3.29308e-26        1.19419e-26
50.0000     6.9588      233.8012     0.9500      2.44879e-30            5.12218e-30        1.85749e-30        2.21103e-26        4.62485e-26        1.67714e-26
60.0000     8.6092      233.8012     0.9500      2.44879e-30            5.12218e-30        1.85749e-30        2.57354e-26        5.38312e-26        1.95212e-26
70.0000     9.4855      233.8012     0.9500      2.44879e-30            5.12218e-30        1.85749e-30        3.17927e-26        6.65014e-26        2.41159e-26
80.0000     11.4537      233.8012     0.9500      2.44879e-30            5.12218e-30        1.85749e-30        3.43895e-26        7.19331e-26        2.60856e-26
90.0000     12.5081      233.8012     0.9500      2.44879e-30            5.12218e-30        1.85749e-30        3.98553e-26        8.33659e-26        3.02316e-26
100.0000     13.6125      233.8012     0.9500      2.44879e-30            5.12218e-30        1.85749e-30        4.5212e-26        9.45707e-26        3.42948e-26
110.0000     13.5965      233.8012     0.9500      2.44879e-30            5.12218e-30        1.85749e-30        5.47708e-26        1.14565e-25        4.15455e-26
120.0000     14.7423      233.8012     0.9500      2.44879e-30            5.12218e-30        1.85749e-30        6.0116e-26        1.25746e-25        4.56e-26
130.0000     15.9288      233.8012     0.9500      2.44879e-30            5.12218e-30        1.85749e-30        6.52973e-26        1.36583e-25        4.95302e-26
140.0000     15.9343      233.8012     0.9500      2.44879e-30            5.12218e-30        1.85749e-30        7.57034e-26        1.5835e-25        5.74236e-26
150.0000     17.1584      233.8012     0.9500      2.44879e-30            5.12218e-30        1.85749e-30        8.07046e-26        1.68811e-25        6.12172e-26
160.0000     18.4057      233.8012     0.9500      2.44879e-30            5.12218e-30        1.85749e-30        8.56011e-26        1.79053e-25        6.49314e-26
180.0000     19.7107      233.8012     0.9500      2.44879e-30            5.12218e-30        1.85749e-30        1.01166e-25        2.11611e-25        7.67379e-26
200.0000     21.0547      233.8012     0.9500      2.44879e-30            5.12218e-30        1.85749e-30        1.16924e-25        2.44572e-25        8.86908e-26
220.0000     21.1230      233.8012     0.9500      2.44879e-30            5.12218e-30        1.85749e-30        1.4102e-25        2.94974e-25        1.06969e-25
240.0000     22.5129      233.8012     0.9500      2.44879e-30            5.12218e-30        1.85749e-30        1.57465e-25        3.29372e-25        1.19442e-25
260.0000     23.9246      233.8012     0.9500      2.44879e-30            5.12218e-30        1.85749e-30        1.73898e-25        3.63746e-25        1.31908e-25
280.0000     24.0050      233.8012     0.9500      2.44879e-30            5.12218e-30        1.85749e-30        2.01004e-25        4.20444e-25        1.52469e-25
300.0000     25.4572      233.8012     0.9500      2.44879e-30            5.12218e-30        1.85749e-30        2.17582e-25        4.55121e-25        1.65044e-25
330.0000     26.9901      233.8012     0.9500      2.44879e-30            5.12218e-30        1.85749e-30        2.48322e-25        5.1942e-25        1.88361e-25
360.0000     28.5501      233.8012     0.9500      2.44879e-30            5.12218e-30        1.85749e-30        2.79376e-25        5.84375e-25        2.11916e-25
400.0000     30.1833      233.8012     0.9500      2.44879e-30            5.12218e-30        1.85749e-30        3.26246e-25        6.82414e-25        2.47469e-25
450.0000     31.9128      233.8012     0.9500      2.44879e-30            5.12218e-30        1.85749e-30        3.90528e-25        8.16874e-25        2.96229e-25
500.0000     32.1383      233.8012     0.9500      2.44879e-30            5.12218e-30        1.85749e-30        4.7875e-25        1.00141e-24        3.63148e-25
550.0000     33.8902      233.8012     0.9500      2.44879e-30            5.12218e-30        1.85749e-30        5.49343e-25        1.14907e-24        4.16695e-25
600.0000     35.6831      233.8012     0.9500      2.44879e-30            5.12218e-30        1.85749e-30        6.20916e-25        1.29878e-24        4.70986e-25
650.0000     37.4968      233.8012     0.9500      2.44879e-30            5.12218e-30        1.85749e-30        6.93465e-25        1.45053e-24        5.26017e-25
700.0000     37.7280      233.8012     0.9500      2.44879e-30            5.12218e-30        1.85749e-30        7.99326e-25        1.67196e-24        6.06316e-25
750.0000     39.5657      233.8012     0.9500      2.44879e-30            5.12218e-30        1.85749e-30        8.74976e-25        1.8302e-24        6.63699e-25
800.0000     41.4192      233.8012     0.9500      2.44879e-30            5.12218e-30        1.85749e-30        9.50977e-25        1.98917e-24        7.21348e-25
900.0000     43.5217      233.8012     0.9500      2.44879e-30            5.12218e-30        1.85749e-30        1.14544e-24        2.39593e-24        8.68853e-25
1000.0000     45.7911      233.8012     0.9500      2.44879e-30            5.12218e-30        1.85749e-30        1.34404e-24        2.81134e-24        1.0195e-24
1100.0000     46.0816      233.8012     0.9500      2.44879e-30            5.12218e-30        1.85749e-30        1.61603e-24        3.38028e-24        1.22582e-24
1200.0000     48.1878      233.8012     0.9500      2.44879e-30            5.12218e-30        1.85749e-30        1.83915e-24        3.84698e-24        1.39506e-24
1300.0000     50.3223      233.8012     0.9500      2.44879e-30            5.12218e-30        1.85749e-30        2.06689e-24        4.32336e-24        1.56781e-24
1500.0000     52.8476      233.8012     0.9500      2.44879e-30            5.12218e-30        1.85749e-30        2.62029e-24        5.48091e-24        1.98758e-24
1700.0000     55.3598      233.8012     0.9500      2.44879e-30            5.12218e-30        1.85749e-30        3.21289e-24        6.72044e-24        2.43708e-24
2000.0000     59.9732      233.8012     0.9500      2.44879e-30            5.12218e-30        1.85749e-30        4.10483e-24        8.58614e-24        3.11365e-24
2500.0000     63.4336      233.8012     0.9500      2.44879e-30            5.12218e-30        1.85749e-30        6.06391e-24        1.2684e-23        4.59968e-24
3000.0000     68.5687      233.8012     0.9500      2.44879e-30            5.12218e-30        1.85749e-30        8.0781e-24        1.68971e-23        6.12751e-24
4000.0000     76.7353      233.8012     0.9500      2.44879e-30            5.12218e-30        1.85749e-30        1.28327e-23        2.68423e-23        9.73402e-24
5000.0000     81.0794      233.8012     0.9500      2.44879e-30            5.12218e-30        1.85749e-30        1.89767e-23        3.9694e-23        1.43945e-23
6000.0000     86.9489      233.8012     0.9500      2.44879e-30            5.12218e-30        1.85749e-30        2.54818e-23        5.33007e-23        1.93288e-23
7000.0000     90.8396      233.8012     0.9500      2.44879e-30            5.12218e-30        1.85749e-30        3.31981e-23        6.9441e-23        2.51819e-23
8000.0000     96.2870      233.8012     0.9500      2.44879e-30            5.12218e-30        1.85749e-30        4.09076e-23        8.55672e-23        3.10298e-23
9000.0000     99.8859      233.8012     0.9500      2.44879e-30            5.12218e-30        1.85749e-30        4.99083e-23        1.04394e-22        3.78572e-23
10000.0000     104.7241      233.8012     0.9500      2.44879e-30            5.12218e-30        1.85749e-30        5.87686e-23        1.22927e-22        4.4578e-23
12000.0000     108.3591      233.8012     0.9500      2.44879e-30            5.12218e-30        1.85749e-30        8.1788e-23        1.71077e-22        6.2039e-23
15000.0000     116.1146      233.8012     0.9500      2.44879e-30            5.12218e-30        1.85749e-30        1.19258e-22        2.49454e-22        9.04613e-23
20000.0000     127.3490      233.8012     0.9500      2.44879e-30            5.12218e-30        1.85749e-30        1.93311e-22        4.04352e-22        1.46633e-22
30000.0000     142.4974      233.8012     0.9500      2.44879e-30            5.12218e-30        1.85749e-30        3.88712e-22        8.13075e-22        2.94851e-22
50000.0000     163.9986      233.8012     0.9500      2.44879e-30            5.12218e-30        1.85749e-30        9.38193e-22        1.96243e-21        7.11651e-22
100000.0000     198.6678      233.8012     0.9500      2.44879e-30            5.12218e-30        1.85749e-30        3.09788e-21        6.47989e-21        2.34985e-21
