# sommerfeld cross section for bb from boddy_data 1802.0382
10.309184462063104 2.1391691240469251e-29
11.507574246798946 2.1823563522880753e-29
12.845270693613065 2.2308700198639868e-29
14.338467487019928 2.2759085778915716e-29
16.00524074424934 2.3734711562984453e-29
17.86576783838843 2.5151132222235008e-29
19.942571658591124 2.665208087242524e-29
22.260793264283038 2.872652995301572e-29
24.84849623401868 3.105541203728141e-29
27.737006393331093 3.3842593820010666e-29
30.961291034200602 3.713882661682737e-29
34.56038221684048 4.08376525299463e-29
38.577849278142764 4.5446630382317884e-29
43.06232626680586 5.077836533946203e-29
48.06810069008886 5.707683822084147e-29
53.65577069935443 6.441354597625116e-29
59.89297867005814 7.29115935282931e-29
66.85523005664702 8.294421644428884e-29
74.62680743513701 9.464064889959743e-29
83.30179079844947 1.0831070725119276e-28
92.98519645584383 1.243274871304491e-28
103.79424832356435 1.4357111848975482e-28
115.85979699650008 1.6662384346688364e-28
129.32790377964199 1.9376497060630672e-28
144.36160885506808 2.251020024077562e-28
161.14290498926528 2.6203029414906885e-28
179.8749406737978 3.0501672271877478e-28
200.7844793697721 3.5505513375935647e-28
224.12464462684858 4.1745360453178545e-28
250.17798430825084 4.898381200301069e-28
279.25989101620524 5.741996410111197e-28
311.72242012428296 6.757862681609641e-28
347.9585516364082 7.977336111500708e-28
388.40694746510155 9.416866609177087e-28
433.5572617189082 1.1116164029642665e-27
483.95606828347786 1.316150509888163e-27
540.2134774535315 1.5567617016643123e-27
603.0105217143314 1.8450442055132816e-27
673.1074000823484 2.1888975755715318e-27
751.3526808082072 2.5968334970109745e-27
838.6935738466324 3.086958730461589e-27
936.1873974482971 3.669589988939038e-27
1045.0143776841257 4.366548501747556e-27
1166.4919358486175 5.1958790697558595e-27
1302.0906367004568 6.2012874476745086e-27
1453.4519906042694 7.39385046983626e-27
1622.4083250799772 8.82456875785839e-27
1811.0049663177986 1.05321326256e-26
2021.5249991804958 1.2607855687262101e-26
2256.5169054288426 1.5077596324179952e-26
2518.8254147489333 1.801312102523686e-26
2811.625942053115 2.160637608831749e-26
3138.463027940358 2.5761475393625452e-26
3503.2932476629153 3.1335748885818084e-26
3910.533108040108 3.7250044606236586e-26
4365.11251214252 4.4725354217319244e-26
4872.534438971382 5.321995891541824e-26
