# p wave cross section of bb from zhao 1601.02181
1.317869856331965 4.075162465412061e-19
1.4006308790071742 4.075162465412061e-19
1.8183850991134323 4.075162465412061e-19
1.995227454804007 4.0344892778842333e-19
2.108261243959918 4.09501291574092e-19
2.5089915766651147 4.075162465412061e-19
2.666553954900425 4.075162465412061e-19
5.9932689297634685 1.4484017152554942e-23
6.511019365034019 1.4187748435655046e-23
8.706805970102254 1.2727499334591452e-23
9.644041009943166 1.1813223510535862e-23
10.336035796843245 1.1713580528406033e-23
12.013573389539397 1.3261270046510128e-23
12.768014820098617 1.3617460049908723e-23
16.43261976776625 1.5588422333217603e-23
17.464573272642994 1.6142035628783025e-23
22.477158433735184 1.8372586772100107e-23
24.619137230238845 1.895809075559157e-23
26.136025654781612 1.8788043793203342e-23
30.745106890762642 2.4012164805752293e-23
32.67587150785483 2.5611876166285928e-23
42.05431929979683 3.3179161364932375e-23
46.75039282583713 3.7378898030533187e-23
50.84588609403054 3.9784663798411913e-23
57.02515434052581 4.560340761786824e-23
60.606281922098475 4.8405757990390003e-23
77.32542772548224 6.292972519351923e-23
82.1813939247325 6.703326352290072e-23
99.27185094655742 8.053381360440749e-23
108.18863779764054 8.770468121200848e-23
143.42101545327947 1.1951483477212374e-22
152.42772416203408 1.2669106746919394e-22
194.47718279767068 1.6361648475800227e-22
206.69017215925027 1.7290529327062596e-22
247.6952031662903 2.0383814195717042e-22
270.8970369011544 2.255557668105933e-22
360.7107759992806 3.1238864267759747e-22
381.69890990224314 3.315850684472395e-22
487.48540446901035 4.253617504775264e-22
519.8357587649011 4.296817190287595e-22
663.2401975287646 6.067999810618739e-22
704.8910758480887 6.452272303497608e-22
899.3457808530345 8.485151357746866e-22
985.0496565894363 9.316199673405024e-22
1045.7427023166847 9.199582447383806e-22
1219.5021299249222 1.2200009509634024e-21
1296.0857492726573 1.311666855106759e-21
1653.6303127822753 1.7775271390579513e-21
1749.8476058047054 1.9068668382702923e-21
2222.8775897217597 2.5693248299721615e-21
2446.1420614347126 2.9105711899178414e-21
2599.7575475470157 2.8653826737329217e-21
3014.195444000252 3.808528668239713e-21
3189.5778883231824 4.099210578673649e-21
4051.804960104023 5.698024220612932e-21
4306.2546089578345 6.150555118062964e-21
4935.145336833828 7.457437568111574e-21
5426.892013623099 8.396697449986338e-21
5788.643805024854 9.295953084315723e-21
7321.545693647592 1.3166538212721196e-20
7781.332072597087 1.425622616943555e-20
9764.380228445068 1.9793454953165204e-20
10414.57861714091 1.920565951382306e-20
