5 0.073532 0.073532 0.073532 0.031749 0.031749 0.031749 0.41063 0.41063 0.41063 0.44246 0.50193 0 0 0 0 0 0 0 0 0.50164 1.4858 0 0 0 0 0.049492 0.0094821 0.20814
6 0.089552 0.089552 0.089552 0.040514 0.040514 0.040514 0.57722 0.57722 0.57722 0.66907 0.74002 0.18052 0 0 0 0 0 0 0 0.74021 1.4874 0 0 0 0 0.063954 0.012848 0.38329
8 0.11571 0.11571 0.11571 0.055772 0.055772 0.055772 0.84557 0.84557 0.84557 1.1353 1.2203 0.5094 0 0 0 0 0 0 0 1.22 1.4913 0 0 0 0 0.087979 0.018743 0.75011
10 0.13464 0.13464 0.13464 0.067526 0.067526 0.067526 1.0265 1.0265 1.0265 1.5334 1.6218 0.87313 0 0 0 0 0 0 0 1.6221 1.4938 0 0 0 0 0.10523 0.023213 1.0437
15 0.16576 0.16576 0.16576 0.088721 0.088721 0.088721 1.2878 1.2878 1.2878 2.266 2.3528 1.6321 0 0 0 0 0 0 0 2.3524 1.4967 0 0 0 0 0.13225 0.030687 1.5208
20 0.19651 0.19651 0.19651 0.11039 0.11039 0.11039 1.5234 1.5234 1.5234 3.2451 3.3273 2.7783 0 0 0 0 0 0 0 3.3275 1.4963 0 0 0 0 0.15978 0.038998 2.0086
25 0.20968 0.20968 0.20968 0.1209 0.1209 0.1209 1.5983 1.5983 1.5983 3.5827 3.6591 3.1984 0 0 0 0 0 0 0 3.6583 1.4992 0 0 0 0 0.16893 0.041933 2.169
30 0.2316 0.2316 0.2316 0.13669 0.13669 0.13669 1.7309 1.7309 1.7309 4.4229 4.4921 4.2809 0 0 0 0 0 0 0 4.4928 1.5052 0 0 0 0 0.18702 0.048017 2.4816
40 0.26526 0.26526 0.26526 0.16263 0.16263 0.16263 1.9027 1.9027 1.9027 5.8979 5.9546 6.2548 0 0 0 0 0 0 0 5.9545 1.514 0 0 0 0 0.21345 0.057591 2.9202
50 0.28057 0.28013 0.28035 0.17604 0.17577 0.1759 1.96 1.9569 1.9584 6.4287 6.4817 6.9588 0 0 0 0 0 0 0 6.4758 1.5193 0 0 0 0 0.22205 0.060879 3.0558
60 0.30428 0.30353 0.30391 0.19525 0.19477 0.19501 2.0534 2.0483 2.0509 7.6515 7.6982 8.6093 0 0 0 0 0 0 0 7.6838 1.5262 0 0 0 0 0.23889 0.067572 3.308
70 0.31814 0.3172 0.31767 0.20718 0.20657 0.20688 2.0984 2.0922 2.0953 8.3111 8.3509 9.4856 0 0 0 0 0 0 0 8.3356 1.5301 0 0 0 0 0.24714 0.070968 3.4238
80 0.34017 0.3391 0.33964 0.22605 0.22534 0.22569 2.1712 2.1643 2.1677 9.7531 9.7868 11.454 0 0 0 0 0 0 0 9.7664 1.5355 0 0 0 0 0.2633 0.077843 3.6333
90 0.35344 0.35233 0.35288 0.23751 0.23676 0.23714 2.2058 2.1988 2.2023 10.535 10.564 12.508 0 8.8142 8.8522 8.8396 0 0 0 10.543 1.538 0 0 0 0 0.27121 0.081317 3.7269
100 0.36597 0.36486 0.36541 0.24894 0.24819 0.24856 2.2365 2.2298 2.2332 11.354 11.38 13.612 0 9.4471 9.4816 9.4701 9.955 9.9965 9.9826 11.36 1.5401 0 0 0 0 0.279 0.084811 3.8131
110 0.36432 0.3633 0.36381 0.24938 0.24868 0.24903 2.2371 2.2309 2.234 11.367 11.395 13.596 0 9.3174 9.3435 9.3348 9.7973 9.8351 9.8225 11.374 0.12676 0 0 0 0 0.27841 0.084746 3.813
120 0.37029 0.36937 0.36983 0.25641 0.25577 0.25609 2.2598 2.2542 2.257 12.232 12.259 14.742 0 9.9921 10.01 10.004 10.567 10.603 10.591 12.24 0.074982 0 0 0 0 0.28506 0.088138 3.8918
130 0.37757 0.37487 0.37622 0.26549 0.26303 0.26426 2.2818 2.275 2.2784 13.14 13.161 15.929 0 10.761 10.755 10.757 11.424 11.437 11.432 13.141 0.079008 15.939 0.0029985 0.0029985 0.0029985 0.29105 0.091469 3.9635
140 0.38388 0.37804 0.38096 0.27191 0.26627 0.26909 2.2881 2.2788 2.2834 13.162 13.188 15.934 0 10.74 10.71 10.72 11.389 11.377 11.381 13.169 0.083681 15.782 0.0082038 0.0082038 0.0082038 0.29105 0.091469 3.9635
150 0.39417 0.38386 0.38901 0.28373 0.27357 0.27865 2.3063 2.2934 2.2998 14.114 14.137 17.158 0 11.552 11.49 11.511 12.305 12.258 12.273 14.119 0.090312 17.231 0.015566 0.015566 0.015566 0.29629 0.094714 4.0281
160 0.40369 0.38792 0.39581 0.296 0.28033 0.28817 2.3143 2.2968 2.3056 15.104 15.121 18.406 0 12.383 12.284 12.317 13.247 13.157 13.187 15.107 0.09823 18.733 0.024583 0.024583 0.024583 0.30076 0.097852 4.0858
180 0.42301 0.39572 0.40936 0.3172 0.28991 0.30355 2.3269 2.2994 2.3132 16.178 16.191 19.711 19.61 13.25 13.093 13.146 14.213 14.051 14.105 16.169 0.11579 20.185 0.043782 0.043711 0.044944 0.30447 0.10087 4.1362
200 0.44281 0.4024 0.42261 0.33959 0.2991 0.31934 2.3313 2.2925 2.3119 17.295 17.309 21.055 20.709 14.138 13.923 13.995 15.214 14.978 15.057 17.28 0.13761 21.706 0.065727 0.06555 0.068757 0.30742 0.10376 4.1786
220 0.45848 0.40762 0.43305 0.35563 0.3046 0.33012 2.3452 2.2976 2.3214 17.386 17.398 21.123 20.461 14.174 13.93 14.011 15.224 14.953 15.044 17.359 0.15503 21.585 0.083402 0.083093 0.088445 0.30742 0.10376 4.1786
240 0.47934 0.41364 0.44649 0.37932 0.31336 0.34634 2.3417 2.2809 2.3113 18.562 18.566 22.513 21.857 15.089 14.792 14.891 16.257 15.913 16.028 18.52 0.18018 23.169 0.10834 0.1079 0.11562 0.30965 0.10653 4.2119
260 0.50084 0.41903 0.45994 0.4035 0.32136 0.36243 2.328 2.2526 2.2903 19.768 19.767 23.925 23.341 16.016 15.664 15.782 17.303 16.882 17.022 19.713 0.20663 24.766 0.13535 0.13479 0.14462 0.31118 0.10916 4.2343
280 0.51561 0.42329 0.46945 0.41883 0.32609 0.37246 2.3423 2.2581 2.3002 19.862 19.861 24.005 23.3 16.069 15.698 15.821 17.331 16.889 17.036 19.804 0.22476 24.705 0.15309 0.15243 0.16442 0.31118 0.10916 4.2343
300 0.53807 0.42817 0.48312 0.44446 0.33408 0.38927 2.3235 2.2231 2.2733 21.116 21.118 25.457 24.892 16.991 16.568 16.709 18.389 17.867 18.041 21.042 0.25483 26.33 0.1826 0.18183 0.19593 0.31204 0.11167 4.2439
330 0.56907 0.4351 0.50209 0.4784 0.34384 0.41112 2.3037 2.1812 2.2424 22.465 22.452 26.99 26.553 17.947 17.462 17.624 19.466 18.85 19.055 22.36 0.29568 27.949 0.22306 0.22213 0.23924 0.31224 0.11406 4.2384
360 0.60037 0.44105 0.52071 0.51301 0.35301 0.43301 2.2782 2.1321 2.2052 23.848 23.831 28.55 28.287 18.915 18.369 18.551 20.543 19.828 20.067 23.724 0.33939 29.568 0.26564 0.26457 0.28471 0.31179 0.11633 4.2163
400 0.63859 0.44741 0.543 0.55653 0.36459 0.46056 2.2552 2.0796 2.1674 25.324 25.293 30.183 30.109 19.894 19.282 19.486 21.652 20.823 21.099 25.171 0.3953 31.182 0.31912 0.31789 0.34135 0.31071 0.11849 4.1763
450 0.68564 0.45642 0.57103 0.60665 0.37653 0.49159 2.2311 2.0198 2.1255 26.887 26.856 31.913 32.035 20.898 20.215 20.443 22.768 21.811 22.13 26.703 0.46184 32.786 0.38312 0.38168 0.40908 0.30901 0.12053 4.118
500 0.71776 0.46451 0.59114 0.63868 0.38438 0.51153 2.2607 2.0283 2.1445 27.136 27.106 32.138 32.225 21.05 20.339 20.576 22.885 21.89 22.222 26.944 0.50923 32.777 0.42398 0.42235 0.45404 0.30901 0.12053 4.118
550 0.76369 0.47192 0.61781 0.68878 0.39589 0.54233 2.2338 1.9646 2.0992 28.739 28.699 33.89 34.234 22.035 21.258 21.517 24.016 22.885 23.262 28.51 0.57759 34.392 0.48869 0.48695 0.52135 0.30668 0.12247 4.0419
600 0.81035 0.479 0.64468 0.73941 0.40686 0.57314 2.2037 1.8962 2.05 30.381 30.333 35.683 36.285 23.022 22.18 22.46 25.127 23.853 24.278 30.115 0.64923 35.985 0.55517 0.55329 0.5904 0.30376 0.1243 3.9492
650 0.85753 0.48555 0.67154 0.79096 0.41776 0.60436 2.1721 1.8248 1.9984 32.038 31.986 37.497 38.37 23.985 23.078 23.38 26.219 24.796 25.27 31.746 0.72164 37.547 0.62336 0.6214 0.66048 0.30026 0.12602 3.8416
700 0.88494 0.49162 0.68828 0.81831 0.42366 0.62098 2.1981 1.8316 2.0148 32.284 32.236 37.728 38.578 24.126 23.199 23.508 26.352 24.89 25.377 31.971 0.76532 37.581 0.6596 0.6575 0.69944 0.30026 0.12602 3.8416
750 0.93278 0.49799 0.71538 0.87012 0.43396 0.65204 2.1667 1.7591 1.9629 33.983 33.921 39.566 40.712 25.066 24.077 24.407 27.423 25.804 26.344 33.645 0.83882 39.122 0.72917 0.72701 0.77032 0.29622 0.12763 3.7214
800 0.98097 0.50377 0.74237 0.92327 0.44474 0.68401 2.1356 1.6855 1.9106 35.714 35.645 41.419 42.863 25.996 24.945 25.295 28.489 26.706 27.3 35.339 0.91428 40.609 0.80032 0.79813 0.84235 0.29165 0.12914 3.5905
900 1.0551 0.51466 0.78489 1.0017 0.45986 0.73078 2.13 1.6179 1.8739 37.706 37.637 43.522 45.25 27.033 25.907 26.282 29.644 27.651 28.315 37.298 1.0315 42.108 0.90689 0.90456 0.95143 0.28661 0.13054 3.4512
1000 1.142 0.53764 0.83981 1.0901 0.4843 0.78722 2.2145 1.6415 1.928 39.907 39.839 45.791 47.762 28.164 26.966 27.365 30.898 28.692 29.427 39.454 1.1524 43.673 1.0151 1.0126 1.0635 0.29003 0.13422 3.4612
1100 1.1733 0.53394 0.8536 1.1246 0.48382 0.80423 2.1675 1.5598 1.8636 40.169 40.098 46.082 48.055 28.311 27.083 27.492 31.04 28.753 29.516 39.695 1.2242 43.678 1.0739 1.0713 1.1234 0.28114 0.13183 3.3054
1200 1.2441 0.54305 0.89358 1.2003 0.49778 0.84905 2.163 1.4933 1.8281 42.195 42.123 48.188 50.473 29.285 27.997 28.427 32.146 29.641 30.476 41.665 1.3394 45.088 1.1778 1.1752 1.2278 0.27528 0.13302 3.1549
1300 1.3149 0.55208 0.9335 1.2755 0.5113 0.89342 2.1605 1.4285 1.7945 44.259 44.167 50.322 52.9 30.222 28.864 29.316 33.215 30.477 31.39 43.685 1.4461 46.431 1.2817 1.2792 1.3318 0.26908 0.1341 3.0012
1500 1.4231 0.56757 0.99534 1.3892 0.53227 0.96072 2.1977 1.3737 1.7857 46.725 46.631 52.848 55.693 31.383 29.94 30.421 34.494 31.451 32.465 46.106 1.6216 47.836 1.4383 1.4357 1.4901 0.2626 0.13509 2.8457
1700 1.5274 0.58202 1.0547 1.4982 0.55157 1.0249 2.2332 1.3194 1.7763 49.202 49.106 55.36 58.486 32.496 30.977 31.483 35.732 32.382 33.499 48.529 1.7883 49.193 1.5901 1.5875 1.6425 0.25587 0.13599 2.6893
2000 1.6953 0.6027 1.149 1.6753 0.58175 1.1285 2.2769 1.2135 1.7452 53.767 53.672 59.973 63.653 34.375 32.737 33.283 37.84 33.935 35.236 52.992 2.0419 51.556 1.8381 1.8358 1.8884 0.24186 0.13751 2.3782
2500 1.8781 0.63006 1.2541 1.8625 0.61356 1.238 2.4017 1.1843 1.793 57.287 57.181 63.434 67.337 36.008 34.261 34.843 39.585 35.188 36.654 56.417 2.3429 53.061 2.1017 2.0994 2.1544 0.23465 0.13816 2.2251
3000 2.0818 0.65495 1.3684 2.074 0.64663 1.3603 2.5051 1.1059 1.8055 62.489 62.405 68.569 73.002 38.041 36.182 36.802 41.831 36.758 38.449 61.527 2.6421 55.244 2.4039 2.402 2.4531 0.21998 0.13924 1.9278
4000 2.4168 0.6972 1.557 2.4171 0.69762 1.5574 2.7157 1.0193 1.8675 70.956 70.86 76.735 81.829 41.203 39.194 39.863 45.282 39.084 41.15 69.808 3.1107 58.237 2.8999 2.8987 2.9431 0.1977 0.14047 1.514
5000 2.6409 0.72875 1.6848 2.6428 0.73092 1.6869 2.9066 1.0177 1.9621 75.426 75.344 81.079 86.287 43.246 41.136 41.839 47.421 40.558 42.846 74.21 3.4543 59.827 3.2273 3.2263 3.2707 0.19026 0.14081 1.3871
6000 2.8749 0.75762 1.8163 2.8793 0.76248 1.8209 3.0825 0.98513 2.0338 81.6 81.528 86.949 92.48 45.493 43.306 44.035 49.819 42.123 44.688 80.281 3.7466 61.651 3.5761 3.5757 3.6146 0.17541 0.1414 1.153
7000 3.0528 0.78151 1.9171 3.0571 0.78637 1.9217 3.2364 0.98427 2.1103 85.681 85.612 90.84 96.45 47.223 44.97 45.721 51.613 43.333 46.093 84.281 3.9878 62.949 3.8384 3.838 3.8753 0.16803 0.14167 1.0464
8000 3.243 0.80348 2.0233 3.2491 0.81031 2.0297 3.3851 0.9614 2.1733 91.544 91.459 96.287 102.15 49.116 46.833 47.594 53.633 44.592 47.605 90.091 4.1715 64.329 4.1257 4.1258 4.1572 0.15336 0.14219 0.85499
9000 3.3884 0.82217 2.1053 3.3942 0.82879 2.1115 3.5136 0.9621 2.2378 95.373 95.26 99.886 105.77 50.619 48.305 49.076 55.198 45.627 48.818 93.825 4.3369 65.393 4.3422 4.3424 4.372 0.1461 0.14244 0.77024
10000 3.5736 0.85657 2.2151 3.5787 0.86238 2.2205 3.7006 0.99938 2.35 100.17 100.12 104.72 110.62 53 50.565 51.377 57.696 47.509 50.905 98.609 4.5769 67.672 4.6001 4.6004 4.6312 0.14658 0.14621 0.77153
12000 3.7369 0.86769 2.3023 3.741 0.87244 2.3067 3.8362 0.98048 2.4084 104.32 104.23 108.36 114.19 54.461 52.045 52.851 59.151 48.312 51.925 102.67 4.7351 68.157 4.8603 4.8606 4.8871 0.13178 0.14294 0.62193
15000 4.0163 0.90275 2.4595 4.0197 0.90674 2.4632 4.0962 0.99479 2.5455 112.55 112.44 116.11 121.82 57.825 55.339 56.168 62.59 50.629 54.616 110.83 4.9915 70.526 5.2792 5.2795 5.3026 0.1178 0.1434 0.49994
20000 4.3661 0.94585 2.656 4.3682 0.94835 2.6583 4.425 1.0148 2.7199 124.42 124.35 127.35 132.69 62.69 60.062 60.938 67.497 53.957 58.471 122.68 5.2231 73.933 5.8097 5.8101 5.8286 0.097753 0.14395 0.35942
30000 4.8398 1.0057 2.9227 4.8395 1.0053 2.9224 4.883 1.0578 2.9704 140.22 140.13 142.5 147.09 70.317 67.411 68.379 75.218 59.463 64.715 138.41 5.5659 79.928 6.523 6.5231 6.5394 0.079256 0.14405 0.25928
50000 5.3963 1.0733 3.2348 5.397 1.0741 3.2355 5.4254 1.1098 3.2676 162.4 162.44 164 167.38 82.012 78.504 79.674 86.955 68.023 74.334 160.65 5.8362 89.734 7.3748 7.3748 7.3842 0.057796 0.14263 0.16981
1e+05 5.9346 1.1347 3.5346 5.9336 1.1333 3.5335 5.9437 1.1482 3.5459 198.25 198.22 198.67 199.75 102.5 97.37 99.08 107.29 83.061 91.137 196.69 5.6995 108.06 8.2186 8.2185 8.2256 0.030472 0.13206 0.083643
