# J_som factors for dwarves in madhat
ID	J	dJ+	dJ-
14	23.29479780637867	0.24251332445792428	0.23865114932070597
24	23.41606655687272	0.5731456599644638	0.49156716174922366
41	23.37209592138422	0.26801795502649384	0.25557718946907215
46	23.663245140881198	0.39536901861054474	0.45253486050612324
50	23.061587378069014	0.4258271634473303	0.3844498893234167
55	23.659825578338438	0.3267134743515143	0.3042163022437485
56	23.033496729139056	0.13615569042499232	0.15611770109437018
27	23.139676038407853	0.22926707070989494	0.21275299786768542
