//V->\[Mu channel integrated photon spectrum
MASS	Energy Spectrum
5.0	0.009482037187329097
6.0	0.0128481680126665
8.0	0.018742594733051305
10.0	0.023213420137004125
15.0	0.030686987256384864
20.0	0.03899844479708847
25.0	0.041933362892830325
30.0	0.048017220102957704
40.0	0.05759052676940503
50.0	0.060878736418276534
60.0	0.06757166513291027
70.0	0.07096786719075994
80.0	0.07784307203316795
90.0	0.08131646080501753
100.0	0.08481095965575575
110.0	0.08474611509177095
120.0	0.08813832796771347
130.0	0.09146878714626672
140.0	0.09146878714626674
150.0	0.09471356575702543
160.0	0.09785182376405734
180.0	0.10087150266560004
200.0	0.10376429384031137
220.0	0.10376429384031137
240.0	0.10652679570301245
260.0	0.1091615182977233
280.0	0.10916151829772329
300.0	0.11167108107802348
330.0	0.1140589844629644
360.0	0.11633012266041687
400.0	0.1184875827824951
450.0	0.1205335548152491
500.0	0.12053355481524909
550.0	0.12247040895929354
600.0	0.12429880812066559
650.0	0.1260192066269217
700.0	0.12601920662692173
750.0	0.12763193343213713
800.0	0.1291373894568885
900.0	0.13053573696570056
1000.0	0.13421991842975584
1100.0	0.13182832731267205
1200.0	0.13301684328438734
1300.0	0.13410336588607083
1500.0	0.13509155497929623
1700.0	0.13598555688630476
2000.0	0.1375112011527667
2500.0	0.13815536786309401
3000.0	0.1392401535799439
4000.0	0.14047139173243864
5000.0	0.1408059792401572
6000.0	0.14140181894072903
7000.0	0.14167473332923378
8000.0	0.14219323460538177
9000.0	0.14244463555737688
10000.0	0.14620646187166758
12000.0	0.14293656545688216
15000.0	0.14340197032637858
20000.0	0.14395070520669906
30000.0	0.14404806074985102
50000.0	0.14262524562442105
100000.0	0.13205904474264096
