//e channel integrated photon spectrum
MASS	Energy Spectrum
5.0	0.07352314673329217
6.0	0.08954038557534183
8.0	0.1156994452096949
10.0	0.13462783571137177
15.0	0.16575640767703478
20.0	0.19649594283187824
25.0	0.20966689361822713
30.0	0.23159321643352565
40.0	0.2652490756683528
50.0	0.2803393730688595
60.0	0.3038981032376986
70.0	0.3176560036913336
80.0	0.3396256403096235
90.0	0.35287398449212626
100.0	0.36540151322062825
110.0	0.3638063158828039
120.0	0.36983880952780857
130.0	0.37621468940964686
140.0	0.3809602419425584
150.0	0.3890156347037935
160.0	0.3958077826769565
180.0	0.40936601911716325
200.0	0.42260785622519875
220.0	0.4330442853991662
240.0	0.44649539478003347
260.0	0.4599403794432222
280.0	0.46944394500624986
300.0	0.48312453791893534
330.0	0.5020883212581059
360.0	0.5207078495391707
400.0	0.5429975121345075
450.0	0.5710205951295992
500.0	0.591141663770732
550.0	0.61780792427924
600.0	0.6446781833987785
650.0	0.6715415909310744
700.0	0.6882757703180474
750.0	0.7153815283971451
800.0	0.7423650398673267
900.0	0.7848770575452618
1000.0	0.8398126553118961
1100.0	0.8535936847143417
1200.0	0.8935848971027911
1300.0	0.933493163657441
1500.0	0.9953382115374465
1700.0	1.0547292078649577
2000.0	1.1489908943230336
2500.0	1.2541005080625507
3000.0	1.368393199432799
4000.0	1.5569982487844782
5000.0	1.684826724293907
6000.0	1.8162827560962094
7000.0	1.9171278414450432
8000.0	2.0232596938582432
9000.0	2.1052842481226524
10000.0	2.215074502172061
12000.0	2.3023003919000993
15000.0	2.4594972260584376
20000.0	2.6559865117502697
30000.0	2.922711947340183
50000.0	3.234827871658023
100000.0	3.5346262447723973
