//Mu]L channel integrated photon spectrum
MASS	Energy Spectrum
5.0	0.03174442065890917
6.0	0.0405100100424833
8.0	0.055764069985556136
10.0	0.06751732147886651
15.0	0.088715003405528
20.0	0.11037825189293046
25.0	0.12089402975717595
30.0	0.136678524023126
40.0	0.16262072869516908
50.0	0.176035254838091
60.0	0.19524427268291902
70.0	0.2071762148385068
80.0	0.22604140389704597
90.0	0.2375034231379665
100.0	0.24893603621454452
110.0	0.24937593983437126
120.0	0.2564087127047733
130.0	0.2654866229535898
140.0	0.27191143320643246
150.0	0.283729066248154
160.0	0.2960017250757236
180.0	0.3171998358235583
200.0	0.3395881231441462
220.0	0.35563560807529776
240.0	0.3793199018173843
260.0	0.40350494552979377
280.0	0.4188335932845689
300.0	0.4444592601904867
330.0	0.4783992201439387
360.0	0.5130136493095918
400.0	0.5565244533950622
450.0	0.6066420125453076
500.0	0.6386749082382174
550.0	0.6887859957455302
600.0	0.7394094932864038
650.0	0.7909624167195822
700.0	0.8183173899575784
750.0	0.8701157719307211
800.0	0.9232746915077074
900.0	1.0016889294208986
1000.0	1.0901454283979208
1100.0	1.1246559586448868
1200.0	1.200313244258125
1300.0	1.2755471197083168
1500.0	1.3891574510817286
1700.0	1.4982378799803322
2000.0	1.6752712101133993
2500.0	1.862506641331673
3000.0	2.07397279989257
4000.0	2.4170942187849294
5000.0	2.6428159604549686
6000.0	2.879263829858781
7000.0	3.057073679178177
8000.0	3.2490897751760874
9000.0	3.394219994443117
10000.0	3.5786645296509256
12000.0	3.7410126260901264
15000.0	4.019649773648618
20000.0	4.368243376797213
30000.0	4.839506994119335
50000.0	5.396959107860134
100000.0	5.933647256934243
