//V->\[Tau channel integrated photon spectrum
MASS	Energy Spectrum
5.0	0.20815665081032744
6.0	0.3832905624018374
8.0	0.7500847519156556
10.0	1.0437296172555701
15.0	1.5207652870852517
20.0	2.0086289845386447
25.0	2.1689638908626545
30.0	2.481591741711598
40.0	2.920171096374846
50.0	3.0557781246511424
60.0	3.307988317178661
70.0	3.423746554590357
80.0	3.633316746667102
90.0	3.72689021724432
100.0	3.813051333299677
110.0	3.813020380294265
120.0	3.891842787615747
130.0	3.9634993115606085
140.0	3.963499311560608
150.0	4.028155977735864
160.0	4.085810747484677
180.0	4.1361727723368515
200.0	4.178608113044133
220.0	4.178608113044133
240.0	4.211868196899547
260.0	4.234282673668442
280.0	4.234282673668441
300.0	4.2438759177745755
330.0	4.238431649629328
360.0	4.216302529024874
400.0	4.176311196664838
450.0	4.11793280866859
500.0	4.117932808668589
550.0	4.041846107326557
600.0	3.949191066276593
650.0	3.841610244766752
700.0	3.8416102447667515
750.0	3.7213554427361717
800.0	3.5905300132078732
900.0	3.4511993687549447
1000.0	3.4611864593003787
1100.0	3.3054418429578742
1200.0	3.1549578490082686
1300.0	3.0012366657313594
1500.0	2.8456519131968854
1700.0	2.689314091235167
2000.0	2.3781883346860124
2500.0	2.2251289811859456
3000.0	1.927759780488489
4000.0	1.5139921237735863
5000.0	1.3871492243703372
6000.0	1.1529937372103674
7000.0	1.0463907432739377
8000.0	0.8549910667328391
9000.0	0.7702447359102899
10000.0	0.771532152863427
12000.0	0.6219263894090319
15000.0	0.4999387356681532
20000.0	0.35942184489116025
30000.0	0.25928404894510365
50000.0	0.16980702516568497
100000.0	0.08364298830710551
