//eL channel integrated photon spectrum
MASS	Energy Spectrum
5.0	0.07352314673329217
6.0	0.08954038557534183
8.0	0.1156994452096949
10.0	0.13462783571137177
15.0	0.16575640767703478
20.0	0.19649594283187824
25.0	0.20966689361822713
30.0	0.23159321643352565
40.0	0.2652490756683528
50.0	0.28056010391883346
60.0	0.3042748561535878
70.0	0.31812503661541935
80.0	0.34015987738682607
90.0	0.35342982431253
100.0	0.36595360948455424
110.0	0.3643151751605739
120.0	0.37030219016801114
130.0	0.377564255854535
140.0	0.38387974047806495
150.0	0.39416792783233884
160.0	0.40369506517926573
180.0	0.4230135157849793
200.0	0.44281010392025477
220.0	0.4584755359900847
240.0	0.4793490890708434
260.0	0.5008445533414168
280.0	0.5156045541143899
300.0	0.5380731617471587
330.0	0.5690723528529321
360.0	0.6003706108871099
400.0	0.6385850498170346
450.0	0.6856292672447987
500.0	0.7177656044771936
550.0	0.7636926744881356
600.0	0.8103549456096466
650.0	0.8575289934122627
700.0	0.8849328853311851
750.0	0.9327766693645521
800.0	0.9809657353407081
900.0	1.0551094133817993
1000.0	1.1419883239415625
1100.0	1.1732516246052582
1200.0	1.2441129529495332
1300.0	1.3149116553857305
1500.0	1.4231042946583738
1700.0	1.5274312971744086
2000.0	1.6952742944632775
2500.0	1.8781460776548877
3000.0	2.0818363635571417
4000.0	2.416789124220809
5000.0	2.6409050722332426
6000.0	2.8749359082159573
7000.0	3.0527547166287134
8000.0	3.2430400358835687
9000.0	3.3883966464558704
10000.0	3.5735851227856794
12000.0	3.736904397179887
15000.0	4.0162458632122044
20000.0	4.366124884400844
30000.0	4.83978308540616
50000.0	5.396349320280299
100000.0	5.9346024489580005
