//Gamma channel integrated photon spectrum
MASS	Energy Spectrum
5.0	1.3128698441040254
6.0	1.3148819730884038
8.0	1.3194962586449521
10.0	1.3219383968038427
15.0	1.3253307445022702
20.0	1.3225294875558606
25.0	1.3254531514773684
30.0	1.331554421225172
40.0	1.3403253644110653
50.0	1.3453470436414348
60.0	1.3521236714989704
70.0	1.3558861368484985
80.0	1.3612653123360163
90.0	1.3637726928818426
100.0	1.3657785729441982
110.0	0.1190531247124304
120.0	0.07486346489076752
130.0	0.07900906272155603
140.0	0.08367928169272093
150.0	0.09031036759374429
160.0	0.09823094846928128
180.0	0.11579292442599841
200.0	0.1376188318022738
220.0	0.15503613147967432
240.0	0.18018879838442378
260.0	0.20663419240727834
280.0	0.2247669370290356
300.0	0.2548280242538647
330.0	0.2956708899703881
360.0	0.3393986784315044
400.0	0.39530034435377914
450.0	0.46183229153740246
500.0	0.5092241861348693
550.0	0.5775882366354178
600.0	0.6492278157625939
650.0	0.7216393421625217
700.0	0.7653174827860767
750.0	0.8388164499094592
800.0	0.9142781917110924
900.0	1.0314902017061574
1000.0	1.152372076802848
1100.0	1.2241580145571815
1200.0	1.3394408092882815
1300.0	1.4461134797826856
1500.0	1.6216221380592633
1700.0	1.7883378208444483
2000.0	2.0418880419771623
2500.0	2.3429425297746747
3000.0	2.6420749154948924
4000.0	3.1107377224402954
5000.0	3.4543019655831
6000.0	3.746654997770091
7000.0	3.9877673086678698
8000.0	4.171460074024385
9000.0	4.336938785388691
10000.0	4.576880811802615
12000.0	4.735148034165971
15000.0	4.991527681690661
20000.0	5.223067159523477
30000.0	5.565902625716512
50000.0	5.8361136542290035
100000.0	5.699446507163643
