//WL channel integrated photon spectrum
MASS	Energy Spectrum
5.0	0.0
6.0	0.0
8.0	0.0
10.0	0.0
15.0	0.0
20.0	0.0
25.0	0.0
30.0	0.0
40.0	0.0
50.0	0.0
60.0	0.0
70.0	0.0
80.0	0.0
90.0	8.814209380149393
100.0	9.447117466603284
110.0	9.317452328042918
120.0	9.992032418530359
130.0	10.76124063155643
140.0	10.739859768254247
150.0	11.551776331924632
160.0	12.382582179046626
180.0	13.250423361563652
200.0	14.137892820522383
220.0	14.174033540851514
240.0	15.089338289226493
260.0	16.015982373983242
280.0	16.068883772659294
300.0	16.99142907252952
330.0	17.947176547979552
360.0	18.91537558546856
400.0	19.89438915518024
450.0	20.898290551308083
500.0	21.049504550739677
550.0	22.0346975509386
600.0	23.02189296529547
650.0	23.98496272098411
700.0	24.125531261213474
750.0	25.066049096484072
800.0	25.995582988120645
900.0	27.032689679933313
1000.0	28.163902821770563
1100.0	28.310728173146643
1200.0	29.285233352084344
1300.0	30.22196926662716
1500.0	31.38288647941321
1700.0	32.49634954430204
2000.0	34.375310261708606
2500.0	36.00770939626085
3000.0	38.04130783599755
4000.0	41.20298931314312
5000.0	43.24631657436935
6000.0	45.4930967079343
7000.0	47.22286056072639
8000.0	49.116522220391076
9000.0	50.61944961046908
10000.0	53.00029213621041
12000.0	54.46092347940076
15000.0	57.82524671722822
20000.0	62.6895323747782
30000.0	70.31658776873881
50000.0	82.01255410895175
100000.0	102.49999696383355
