//Mu]R channel integrated photon spectrum
MASS	Energy Spectrum
5.0	0.03174442065890917
6.0	0.0405100100424833
8.0	0.055764069985556136
10.0	0.06751732147886651
15.0	0.088715003405528
20.0	0.11037825189293046
25.0	0.12089402975717595
30.0	0.136678524023126
40.0	0.16262072869516908
50.0	0.17575824026221978
60.0	0.19476078734953123
70.0	0.20656539683410088
80.0	0.22533141053282976
90.0	0.2367563508882837
100.0	0.24818505513479241
110.0	0.24867910637492197
120.0	0.25576711399980506
130.0	0.263029733732521
140.0	0.26627183052244724
150.0	0.2735768178217389
160.0	0.2803301659950417
180.0	0.2899154781151344
200.0	0.299103577529312
220.0	0.3046020800236484
240.0	0.3133579539982047
260.0	0.3213623222631276
280.0	0.32609358199150523
300.0	0.3340764206965204
330.0	0.3438430145014614
360.0	0.3530120681495839
400.0	0.3645814374033683
450.0	0.3765274855320966
500.0	0.38437659261576373
550.0	0.3958874540415146
600.0	0.40686330372095936
650.0	0.41775761511627024
700.0	0.42365713799238147
750.0	0.4339605662574297
800.0	0.4447421604763795
900.0	0.45985042521103303
1000.0	0.48431286157681863
1100.0	0.4838201820123549
1200.0	0.497781877501603
1300.0	0.5112988415347387
1500.0	0.5322741893239594
1700.0	0.5515607245130171
2000.0	0.5817503336248466
2500.0	0.6135588036157572
3000.0	0.6466331230811369
4000.0	0.6976245852614411
5000.0	0.7309220415097694
6000.0	0.7624848753575506
7000.0	0.7863719411497875
8000.0	0.8103113610544197
9000.0	0.8287844071745291
10000.0	0.8623666150973411
12000.0	0.8724357289051012
15000.0	0.9067354237014444
20000.0	0.9483581775272709
30000.0	1.0052889056779153
50000.0	1.0740942340384976
100000.0	1.1333039903159856
