//eR channel integrated photon spectrum
MASS	Energy Spectrum
5.0	0.07352314673329217
6.0	0.08954038557534183
8.0	0.1156994452096949
10.0	0.13462783571137177
15.0	0.16575640767703478
20.0	0.19649594283187824
25.0	0.20966689361822713
30.0	0.23159321643352565
40.0	0.2652490756683528
50.0	0.28011865343178294
60.0	0.30352111999334297
70.0	0.3171870941114053
80.0	0.3390913366405756
90.0	0.3523181981739781
100.0	0.36484959174658543
110.0	0.3632970913533185
120.0	0.3693755076673331
130.0	0.37486501983921583
140.0	0.3780404544260998
150.0	0.3838629815134732
160.0	0.38792026398645624
180.0	0.39571865379782617
200.0	0.40240578858473836
220.0	0.4076130770354984
240.0	0.41364184656054614
260.0	0.41903621244115064
280.0	0.423283405527616
300.0	0.4281761777647687
330.0	0.4351042853980043
360.0	0.4410451746172361
400.0	0.4474101544845673
450.0	0.4564122293606231
500.0	0.464517169009001
550.0	0.47192328111456594
600.0	0.47900157805782617
650.0	0.48555417934746464
700.0	0.4916187109584734
750.0	0.49798656956812554
800.0	0.5037643676931514
900.0	0.5146447762558056
1000.0	0.5376370987790872
1100.0	0.5339356352038945
1200.0	0.5430572044725742
1300.0	0.5520749796799252
1500.0	0.5675716692170518
1700.0	0.5820268831715733
2000.0	0.6027076152695456
2500.0	0.63005453266342
3000.0	0.6549502216548968
4000.0	0.6972077107825246
5000.0	0.728748433874621
6000.0	0.7576299163739701
7000.0	0.7815011420470257
8000.0	0.8034794521907019
9000.0	0.8221717143766476
10000.0	0.8565637043858733
12000.0	0.8676964043869224
15000.0	0.9027485102708179
20000.0	0.9458480936896917
30000.0	1.0056409580534404
50000.0	1.073306621084288
100000.0	1.1346507307875513
