//Tau]L channel integrated photon spectrum
MASS	Energy Spectrum
5.0	0.41063445913719687
6.0	0.5772413623601853
8.0	0.8456244635025905
10.0	1.0265574443067513
15.0	1.2878276940922209
20.0	1.5233790045809503
25.0	1.598331868416028
30.0	1.7309397753325797
40.0	1.9026794726797946
50.0	1.9600072124526113
60.0	2.0534315904510847
70.0	2.0983786323540308
80.0	2.1711703106579052
90.0	2.20579378686207
100.0	2.236562188939603
110.0	2.2371091653195734
120.0	2.259900012116182
130.0	2.281734119448256
140.0	2.288000142920224
150.0	2.306317595154854
160.0	2.3143132235094646
180.0	2.32689659455076
200.0	2.3312457942975233
220.0	2.3451797475780713
240.0	2.3416763277890573
260.0	2.3279465070881744
280.0	2.342250171068951
300.0	2.3234930298777043
330.0	2.303634439918981
360.0	2.278210553245978
400.0	2.255194549757324
450.0	2.2311542754905225
500.0	2.260749422548957
550.0	2.233808208048332
600.0	2.2037449887141416
650.0	2.17206960426822
700.0	2.1980756350683284
750.0	2.1667571003271453
800.0	2.1356014154042073
900.0	2.1299841276661855
1000.0	2.2145392494654224
1100.0	2.167505615192414
1200.0	2.1629664476089996
1300.0	2.160464670664485
1500.0	2.197700052717894
1700.0	2.23324805733117
2000.0	2.2769245405754006
2500.0	2.4017530462934547
3000.0	2.5050791257896736
4000.0	2.7157071865390545
5000.0	2.906564493050469
6000.0	3.0824517250863437
7000.0	3.2363684304211855
8000.0	3.3851344595982322
9000.0	3.513578510950346
10000.0	3.7006186525798994
12000.0	3.8362233065260405
15000.0	4.096172674642996
20000.0	4.424956807970335
30000.0	4.883024913008999
50000.0	5.425372925976037
100000.0	5.943645065687133
