//Nu]\[Tau channel integrated photon spectrum
MASS	Energy Spectrum
5.0	0.0
6.0	0.0
8.0	0.0
10.0	0.0
15.0	0.0
20.0	0.0
25.0	0.0
30.0	0.0
40.0	0.0
50.0	0.0
60.0	0.0
70.0	0.0
80.0	0.0
90.0	0.0
100.0	0.0
110.0	0.0
120.0	0.0
130.0	0.0029985602241667294
140.0	0.008203897618974755
150.0	0.015566232239806898
160.0	0.024582716675568703
180.0	0.04494411526675717
200.0	0.06875752771657398
220.0	0.08844592966923796
240.0	0.11561648702545528
260.0	0.1446229544591042
280.0	0.16442152377545055
300.0	0.19592769933574505
330.0	0.23924254438145204
360.0	0.2847094624892891
400.0	0.34134662382521846
450.0	0.4090739247105628
500.0	0.4540383382503579
550.0	0.5213490193869963
600.0	0.5903937914452582
650.0	0.6604811540798522
700.0	0.6994415052304039
750.0	0.7703168415565588
800.0	0.8423514311788339
900.0	0.9514221291378375
1000.0	1.0634926679032746
1100.0	1.1234266488907412
1200.0	1.2278196252552893
1300.0	1.3317819195735645
1500.0	1.4900758761420008
1700.0	1.6425377697525205
2000.0	1.8884157518273588
2500.0	2.1543664195654895
3000.0	2.453067558883081
4000.0	2.9430739110523496
5000.0	3.2707087967800477
6000.0	3.614585598562929
7000.0	3.8753360563109527
8000.0	4.157238290505449
9000.0	4.372009284666334
10000.0	4.631245492184199
12000.0	4.887087281063689
15000.0	5.302631123719336
20000.0	5.82859213090961
30000.0	6.539357993526014
50000.0	7.384186723374031
100000.0	8.225572458291463
