//Tau]R channel integrated photon spectrum
MASS	Energy Spectrum
5.0	0.41063445913719687
6.0	0.5772413623601853
8.0	0.8456244635025905
10.0	1.0265574443067513
15.0	1.2878276940922209
20.0	1.5233790045809503
25.0	1.598331868416028
30.0	1.7309397753325797
40.0	1.9026794726797946
50.0	1.9569228877306961
60.0	2.048345520121663
70.0	2.09219181656465
80.0	2.1643503183277795
90.0	2.1988557331527634
100.0	2.229813746956062
110.0	2.2308577430011876
120.0	2.2542464098502495
130.0	2.2749238788474813
140.0	2.278774134427219
150.0	2.293391957032893
160.0	2.296741542158743
180.0	2.299476360774796
200.0	2.292411315616693
220.0	2.2975918728419873
240.0	2.2808847358992974
260.0	2.2526085627161576
280.0	2.258069118412466
300.0	2.2231159680195685
330.0	2.1812035064166517
360.0	2.1321661263259317
400.0	2.079506481604575
450.0	2.0198045255517245
500.0	2.0283550229252616
550.0	1.9646357460513904
600.0	1.8962310791286527
650.0	1.8247744843595375
700.0	1.8316142294573707
750.0	1.7591170009693813
800.0	1.6855216065770697
900.0	1.617899539272997
1000.0	1.6415496124590028
1100.0	1.5597689917628546
1200.0	1.4933296858933383
1300.0	1.4284932209227152
1500.0	1.3737417179385618
1700.0	1.3194398888675818
2000.0	1.2135265360405252
2500.0	1.1843070822127981
3000.0	1.1058775197626098
4000.0	1.0192621605219119
5000.0	1.01769675792186
6000.0	0.9851305436989188
7000.0	0.9842782636574425
8000.0	0.961406382516289
9000.0	0.9621021193562724
10000.0	0.9993694885143435
12000.0	0.9804732969240149
15000.0	0.9947853447084738
20000.0	1.0148043209867668
30000.0	1.0577890515057795
50000.0	1.1097681814704299
100000.0	1.148207950150934
