//Nu]\[Mu channel integrated photon spectrum
MASS	Energy Spectrum
5.0	0.0
6.0	0.0
8.0	0.0
10.0	0.0
15.0	0.0
20.0	0.0
25.0	0.0
30.0	0.0
40.0	0.0
50.0	0.0
60.0	0.0
70.0	0.0
80.0	0.0
90.0	0.0
100.0	0.0
110.0	0.0
120.0	0.0
130.0	0.0029985602241667294
140.0	0.008203897618974755
150.0	0.015566232239806898
160.0	0.024582716675568703
180.0	0.04371066833132736
200.0	0.06555099597819053
220.0	0.08309359984552618
240.0	0.10790078498075122
260.0	0.13479210143101722
280.0	0.15243302104080764
300.0	0.18182889241857533
330.0	0.22212648925141043
360.0	0.26456841843871737
400.0	0.31789261699734794
450.0	0.3816731645204175
500.0	0.4223429703356128
550.0	0.48695012665404963
600.0	0.553283273405678
650.0	0.6213998851330328
700.0	0.6574968555176155
750.0	0.7270147633477474
800.0	0.7981285514309089
900.0	0.9045582972751206
1000.0	1.0126236661737775
1100.0	1.07132069484602
1200.0	1.1752154273910864
1300.0	1.279157211209129
1500.0	1.4356690419555478
1700.0	1.5874806824977603
2000.0	1.835803832915634
2500.0	2.099420253134692
3000.0	2.402026430423495
4000.0	2.89867480118834
5000.0	3.226270252568741
6000.0	3.575659295421483
7000.0	3.8380375463222403
8000.0	4.125785033456341
9000.0	4.342441088380995
10000.0	4.600363392953862
12000.0	4.860563198916073
15000.0	5.279483358423839
20000.0	5.810104148972188
30000.0	6.523057567233753
50000.0	7.37484164312487
100000.0	8.218492597248801
