//Nu]e channel integrated photon spectrum
MASS	Energy Spectrum
5.0	0.0
6.0	0.0
8.0	0.0
10.0	0.0
15.0	0.0
20.0	0.0
25.0	0.0
30.0	0.0
40.0	0.0
50.0	0.0
60.0	0.0
70.0	0.0
80.0	0.0
90.0	0.0
100.0	0.0
110.0	0.0
120.0	0.0
130.0	0.0029985602241667294
140.0	0.008203897618974755
150.0	0.015566232239806898
160.0	0.024582716675568703
180.0	0.04378223610543874
200.0	0.06572739149106896
220.0	0.08340243542967671
240.0	0.10833883622949336
260.0	0.13534828399356053
280.0	0.15309101175983772
300.0	0.1826038472004176
330.0	0.22306192348745735
360.0	0.26563757081584877
400.0	0.3191266476585554
450.0	0.38311535568122806
500.0	0.42398105378658957
550.0	0.4886970139364836
600.0	0.5551645943234017
650.0	0.6233644250495531
700.0	0.659604387724724
750.0	0.7291734073182539
800.0	0.8003245167004286
900.0	0.9068806663583246
1000.0	1.015112198268355
1100.0	1.0738711011244417
1200.0	1.1777827781222097
1300.0	1.2816855546501806
1500.0	1.4382670967336633
1700.0	1.590058027334573
2000.0	1.838132829280116
2500.0	2.1016975239715245
3000.0	2.4039071026596504
4000.0	2.8998867449867767
5000.0	3.2272921441227123
6000.0	3.5761483680991777
7000.0	3.8383702083336555
8000.0	4.125725359817531
9000.0	4.342243685078252
10000.0	4.60014778088945
12000.0	4.860292649688806
15000.0	5.279151403560668
20000.0	5.809714669237902
30000.0	6.522966887122399
50000.0	7.374799341292717
100000.0	8.218602917827921
