//V->e channel integrated photon spectrum
MASS	Energy Spectrum
5.0	0.04949034178052166
6.0	0.06395274478377114
8.0	0.08797728253810856
10.0	0.10522478267965656
15.0	0.13224779453758748
20.0	0.15978176951154807
25.0	0.16892400839839064
30.0	0.1870150034427989
40.0	0.21345104330067305
50.0	0.2220449468982713
60.0	0.23889030196089928
70.0	0.24714145363450446
80.0	0.26330243420805505
90.0	0.2712112806382497
100.0	0.2790030438415035
110.0	0.2784137758765688
120.0	0.2850603150439392
130.0	0.2910457168099675
140.0	0.2910457168099675
150.0	0.2962925813668893
160.0	0.3007635243390049
180.0	0.3044671519143992
200.0	0.3074198212972235
220.0	0.30741982129722345
240.0	0.30964689811165125
260.0	0.311179565030908
280.0	0.31117956503090805
300.0	0.3120382293764566
330.0	0.3122384760787218
360.0	0.31179349120455474
400.0	0.31071287617457904
450.0	0.3090051511379399
500.0	0.3090051511379399
550.0	0.30668250534886654
600.0	0.3037620179379717
650.0	0.300263294461773
700.0	0.300263294461773
750.0	0.29621536520533015
800.0	0.2916524029933446
900.0	0.2866118006697432
1000.0	0.29003009451277934
1100.0	0.2811390627719213
1200.0	0.27528098303172766
1300.0	0.26908412115345093
1500.0	0.2625985957835636
1700.0	0.2558705809523646
2000.0	0.24185745920606042
2500.0	0.23464922840773575
3000.0	0.21998407340606424
4000.0	0.19769925400132754
5000.0	0.1902567425363777
6000.0	0.17541231478055402
7000.0	0.16802610638783
8000.0	0.15336320957689833
9000.0	0.14610356103271527
10000.0	0.14657545504810462
12000.0	0.1317779270492198
15000.0	0.11779744379361885
20000.0	0.0977525456603539
30000.0	0.07925605586960736
50000.0	0.05779594318366013
100000.0	0.030471746474023155
