//Tau channel integrated photon spectrum
MASS	Energy Spectrum
5.0	0.41063445913719687
6.0	0.5772413623601853
8.0	0.8456244635025905
10.0	1.0265574443067513
15.0	1.2878276940922209
20.0	1.5233790045809503
25.0	1.598331868416028
30.0	1.7309397753325797
40.0	1.9026794726797946
50.0	1.9584650845280647
60.0	2.0508886756468407
70.0	2.095285146977881
80.0	2.167760251192457
90.0	2.2023247998122106
100.0	2.233187832740001
110.0	2.2339835219528887
120.0	2.2570733566185512
130.0	2.27832905320049
140.0	2.2833873558289066
150.0	2.2998546043374337
160.0	2.3055272662720734
180.0	2.313186685597851
200.0	2.3118287374060325
220.0	2.3213856695962205
240.0	2.311280404451058
260.0	2.290277642935215
280.0	2.3001595077376553
300.0	2.273304520529975
330.0	2.242419056016925
360.0	2.2051884210744848
400.0	2.167350538052708
450.0	2.1254795418595043
500.0	2.1445521623710646
550.0	2.0992218676109453
600.0	2.0499879912097314
650.0	1.9984220657017004
700.0	2.0148448668251007
750.0	1.9629371089987429
800.0	1.9105615067270212
900.0	1.8739417460288303
1000.0	1.9280443469727486
1100.0	1.8636373901464844
1200.0	1.8281480698533419
1300.0	1.7944789787518882
1500.0	1.7857209393493314
1700.0	1.776344113409854
2000.0	1.7452255497666347
2500.0	1.7930301209676398
3000.0	1.8054785767426582
4000.0	1.8674845411321783
5000.0	1.9621306256651263
6000.0	2.0337910177661995
7000.0	2.110323221879309
8000.0	2.1732703642807376
9000.0	2.2378403473535706
10000.0	2.3499940850928547
12000.0	2.4083483345897645
15000.0	2.545479120053918
20000.0	2.7198805526669942
30000.0	2.970406939404155
50000.0	3.2675703458217518
100000.0	3.545926281089542
